#Press Ctrl-C to quit...
#channel one minus channel two
0 -6
0.5 -7
1.0 -6
1.5 -7
2.0 -6
2.5 -6
3.0 -7
3.5 -6
4.0 -6
4.5 -6
5.0 -5
5.5 -7
6.0 -6
6.5 -5
7.0 -6
7.5 -5
8.0 -6
8.5 -7
9.0 -5
9.5 -6
10.0 -6
10.5 -15
11.0 268
11.5 311
12.0 -3007
12.5 -3000
13.0 -3017
13.5 -3028
14.0 -3036
14.5 -3046
15.0 -3116
15.5 -3076
16.0 -3090
16.5 -3109
17.0 -3103
17.5 -3117
18.0 -3120
18.5 -3119
19.0 -3126
19.5 -3129
20.0 -3136
20.5 -3141
21.0 -3142
21.5 -3154
22.0 -3154
22.5 -3156
23.0 -3166
23.5 -3166
24.0 -3167
24.5 -3176
25.0 -3181
25.5 -3194
26.0 -3191
26.5 -3188
27.0 -3200
27.5 -3193
28.0 -3186
28.5 -3197
29.0 -3188
29.5 -3201
30.0 -3201
30.5 -3167
31.0 -3171
31.5 -3189
32.0 -3197
32.5 -3207
33.0 -3222
33.5 -3216
34.0 -3224
34.5 -3223
35.0 -3228
35.5 -3235
36.0 -3239
36.5 -3237
37.0 -3238
37.5 -3238
38.0 -3250
38.5 -3240
39.0 -3241
39.5 -3244
40.0 -3235
40.5 -3240
41.0 -3242
41.5 -3240
42.0 -3242
42.5 -3240
43.0 -3237
43.5 -3245
44.0 -3238
44.5 -3239
45.0 -3250
45.5 -3244
46.0 -3249
46.5 -3249
47.0 -3246
47.5 -3251
48.0 -3235
48.5 -3250
49.0 -3241
49.5 -3240
50.0 -3246
50.5 -3242
51.0 -3240
51.5 -3244
52.0 -3239
52.5 -3243
53.0 -3242
53.5 -3239
54.0 -3243
54.5 -3252
55.0 -3239
55.5 -3243
56.0 -3240
56.5 -3241
57.0 -3243
57.5 -3241
58.0 -3243
58.5 -3240
59.0 -3238
59.5 -3242
60.0 -3241
60.5 -3240
61.0 -3242
61.5 -3238
62.0 -3241
62.5 -3240
63.0 -3237
63.5 -3241
64.0 -3241
64.5 -3237
65.0 -3242
65.5 -3237
66.0 -3245
66.5 -3240
67.0 -3235
67.5 -3241
68.0 -3241
68.5 -3237
69.0 -3245
69.5 -3238
70.0 -3242
70.5 -3242
71.0 -3236
71.5 -3238
72.0 -3244
72.5 -3238
73.0 -3240
73.5 -3242
74.0 -3238
74.5 -3248
75.0 -3251
75.5 -3253
76.0 -3250
76.5 -3248
77.0 -3236
77.5 -3241
78.0 -3242
78.5 -3244
79.0 -3240
79.5 -3241
80.0 -3241
80.5 -3237
81.0 -3242
81.5 -3243
82.0 -3240
82.5 -3241
83.0 -3238
83.5 -3238
84.0 -3250
84.5 -3237
85.0 -3240
85.5 -3240
86.0 -3238
86.5 -3241
87.0 -3237
87.5 -3238
88.0 -3243
88.5 -3238
89.0 -3239
89.5 -3244
90.0 -3238
90.5 -3240
91.0 -3242
91.5 -3242
92.0 -3242
92.5 -3241
93.0 -3243
93.5 -3244
94.0 -3252
94.5 -3248
95.0 -3246
95.5 -3250
96.0 -3248
96.5 -3231
97.0 -3244
97.5 -3244
98.0 -3233
98.5 -3246
99.0 -3240
99.5 -3238
100.0 -3243
100.5 -3240
101.0 -3238
101.5 -3242
102.0 -3236
102.5 -3255
103.0 -3240
103.5 -3251
104.0 -3238
104.5 -3241
105.0 -3237
105.5 -3245
106.0 -3238
106.5 -3240
107.0 -3245
107.5 -3239
108.0 -3239
108.5 -3241
109.0 -3241
109.5 -3246
110.0 -3239
110.5 -3237
111.0 -3241
111.5 -3237
112.0 -3239
112.5 -3241
113.0 -3236
113.5 -3268
114.0 -3240
114.5 -3236
115.0 -3241
115.5 -3239
116.0 -3240
116.5 -3241
117.0 -3238
117.5 -3241
118.0 -3242
118.5 -3236
119.0 -3245
119.5 -3242
120.0 -3240
120.5 -3241
121.0 -3245
121.5 -3236
122.0 -3245
122.5 -3242
123.0 -3239
                                                                                                                                                                                                                                  123.5 -3235
                                                                                                                                                                                                                                     124.0 -3234
                                                                                                                                                                                                                                     124.5 -3243
                                                                                                                                                                                                                                     125.0 -3245
                                                                                                                                                                                                                                     125.5 -3238
                                                                                                                                                                                                                                     126.0 -3240
                                                                                                                                                                                                                                     126.5 -3240
                                                                                                                                                                                                                                     127.0 -3241
                                                                                                                                                                                                                                     127.5 -3242
                                                                                                                                                                                                                                     128.0 -3237
                                                                                                                                                                                                                                     128.5 -3240
                                                                                                                                                                                                                                     129.0 -3245
                                                                                                                                                                                                                                     129.5 -3238
                                                                                                                                                                                                                                     130.0 -3242
                                                                                                                                                                                                                                     130.5 -3240
                                                                                                                                                                                                                                     131.0 -3238
                                                                                                                                                                                                                                     131.5 -3243
                                                                                                                                                                                                                                     132.0 -3240
                                                                                                                                                                                                                                     132.5 -3243
                                                                                                                                                                                                                                     133.0 -3244
                                                                                                                                                                                                                                     133.5 -3237
                                                                                                                                                                                                                                     134.0 -3242
                                                                                                                                                                                                                                     134.5 -3246
                                                                                                                                                                                                                                     135.0 -3239
                                                                                                                                                                                                                                     135.5 -3247
                                                                                                                                                                                                                                     136.0 -3246
                                                                                                                                                                                                                                     136.5 -3242
                                                                                                                                                                                                                                     137.0 -3243
                                                                                                                                                                                                                                     137.5 -3245
                                                                                                                                                                                                                                     138.0 -3241
                                                                                                                                                                                                                                     138.5 -3244
                                                                                                                                                                                                                                     139.0 -3240
                                                                                                                                                                                                                                     139.5 -3243
                                                                                                                                                                                                                                     140.0 -3243
                                                                                                                                                                                                                                     140.5 -3245
                                                                                                                                                                                                                                     141.0 -3287
                                                                                                                                                                                                                                     141.5 -3250
                                                                                                                                                                                                                                     142.0 -3249
                                                                                                                                                                                                                                     142.5 -3250
                                                                                                                                                                                                                                     143.0 -3310
                                                                                                                                                                                                                                     143.5 -3255
                                                                                                                                                                                                                                     144.0 -3250
                                                                                                                                                                                                                                     144.5 -3251
                                                                                                                                                                                                                                     145.0 -3255
                                                                                                                                                                                                                                     145.5 -3231
                                                                                                                                                                                                                                     146.0 -3258
                                                                                                                                                                                                                                     146.5 -3243
                                                                                                                                                                                                                                     147.0 -3244
                                                                                                                                                                                                                                     147.5 -3247
                                                                                                                                                                                                                                     148.0 -3241
                                                                                                                                                                                                                                     148.5 -3242
                                                                                                                                                                                                                                     149.0 -3245
                                                                                                                                                                                                                                     149.5 -3239
                                                                                                                                                                                                                                     150.0 -3248
                                                                                                                                                                                                                                     150.5 -3245
                                                                                                                                                                                                                                     151.0 -3232
                                                                                                                                                                                                                                     151.5 -3244
                                                                                                                                                                                                                                     152.0 -3245
                                                                                                                                                                                                                                     152.5 -3241
                                                                                                                                                                                                                                     153.0 -3242
                                                                                                                                                                                                                                     153.5 -3242
                                                                                                                                                                                                                                     154.0 -3242
                                                                                                                                                                                                                                     154.5 -3253
                                                                                                                                                                                                                                     155.0 -3243
                                                                                                                                                                                                                                     155.5 -3243
                                                                                                                                                                                                                                     156.0 -3244
                                                                                                                                                                                                                                     156.5 -3243
                                                                                                                                                                                                                                     157.0 -3241
                                                                                                                                                                                                                                     157.5 -3254
                                                                                                                                                                                                                                     158.0 -3244
                                                                                                                                                                                                                                     158.5 -3243
                                                                                                                                                                                                                                     159.0 -3241
                                                                                                                                                                                                                                     159.5 -3251
                                                                                                                                                                                                                                     160.0 -3248
                                                                                                                                                                                                                                     160.5 -3250
                                                                                                                                                                                                                                     161.0 -3240
                                                                                                                                                                                                                                     161.5 -3249
                                                                                                                                                                                                                                     162.0 -3237
                                                                                                                                                                                                                                     162.5 -3247
                                                                                                                                                                                                                                     163.0 -3253
                                                                                                                                                                                                                                     163.5 -3249
                                                                                                                                                                                                                                     164.0 -3255
                                                                                                                                                                                                                                     164.5 -3239
                                                                                                                                                                                                                                     165.0 -3241
                                                                                                                                                                                                                                     165.5 -3246
                                                                                                                                                                                                                                     166.0 -3245
                                                                                                                                                                                                                                     166.5 -3250
                                                                                                                                                                                                                                     167.0 -3247
                                                                                                                                                                                                                                     167.5 -3233
                                                                                                                                                                                                                                     168.0 -3245
                                                                                                                                                                                                                                     168.5 -3241
                                                                                                                                                                                                                                     169.0 -3246
                                                                                                                                                                                                                                     169.5 -3245
                                                                                                                                                                                                                                     170.0 -3242
                                                                                                                                                                                                                                     170.5 -3245
                                                                                                                                                                                                                                     171.0 -3249
                                                                                                                                                                                                                                     171.5 -3243
                                                                                                                                                                                                                                     172.0 -3245
                                                                                                                                                                                                                                     172.5 -3255
                                                                                                                                                                                                                                     173.0 -3251
                                                                                                                                                                                                                                     173.5 -3251
                                                                                                                                                                                                                                     174.0 -3248
                                                                                                                                                                                                                                     174.5 -3254
                                                                                                                                                                                                                                     175.0 -3241
                                                                                                                                                                                                                                     175.5 -3247
                                                                                                                                                                                                                                     176.0 -3244
                                                                                                                                                                                                                                     176.5 -3245
                                                                                                                                                                                                                                     177.0 -3242
                                                                                                                                                                                                                                     177.5 -3243
