#Press Ctrl-C to quit...
#channel one minus channel two
0 483
0.01 458
0.02 468
0.03 456
0.04 379
0.05 299
0.06 253
0.07 221
0.08 187
0.09 159
0.1 139
0.11 146
0.12 159
0.13 172
0.14 170
0.15 154
0.16 143
0.17 149
0.18 161
0.19 169
0.2 162
0.21 158
0.22 155
0.23 159
0.24 167
0.25 172
0.26 171
0.27 162
0.28 161
0.29 162
0.3 165
0.31 171
0.32 167
0.33 156
0.34 155
0.35 156
0.36 160
0.37 164
0.38 163
0.39 152
0.4 149
0.41 149
0.42 151
0.43 158
0.44 155
0.45 149
0.46 146
0.47 146
0.48 152
0.49 156
0.5 151
0.51 145
0.52 143
0.53 142
0.54 147
0.55 151
0.56 148
0.57 144
0.58 142
0.59 141
0.6 146
0.61 147
0.62 143
0.63 140
0.64 138
0.65 139
0.66 140
0.67 142
0.68 142
0.69 140
0.7 139
0.71 137
0.72 140
0.73 142
0.74 139
0.75 135
0.76 132
0.77 132
0.78 137
0.79 137
0.8 135
0.81 131
0.82 127
0.83 130
0.84 132
0.85 131
0.86 132
0.87 128
0.88 123
0.89 126
0.9 130
0.91 130
0.92 130
0.93 128
0.94 127
0.95 127
0.96 128
0.97 128
0.98 127
0.99 123
1.0 124
1.01 124
1.02 123
1.03 126
1.04 124
1.05 122
1.06 121
1.07 121
1.08 122
1.09 123
1.1 121
1.11 119
1.12 118
1.13 119
1.14 122
1.15 120
1.16 118
1.17 117
1.18 116
1.19 119
1.2 119
1.21 117
1.22 116
1.23 116
1.24 117
1.25 117
1.26 117
1.27 115
1.28 114
1.29 115
1.3 115
1.31 114
1.32 112
1.33 111
1.34 110
1.35 107
1.36 110
1.37 111
1.38 111
1.39 110
1.4 110
1.41 111
1.42 110
1.43 109
1.44 107
1.45 107
1.46 108
1.47 108
1.48 107
1.49 106
1.5 107
1.51 107
1.52 106
1.53 104
1.54 105
1.55 107
1.56 104
1.57 104
1.58 103
1.59 103
1.6 104
1.61 105
1.62 104
1.63 104
1.64 104
1.65 103
1.66 102
1.67 102
1.68 104
1.69 102
1.7 102
1.71 102
1.72 101
1.73 102
1.74 102
1.75 102
1.76 102
1.77 101
1.78 101
1.79 102
1.8 101
1.81 99
1.82 101
1.83 101
1.84 100
1.85 99
1.86 100
1.87 101
1.88 101
1.89 98
1.9 97
1.91 100
1.92 100
1.93 99
1.94 98
1.95 99
1.96 100
1.97 99
1.98 99
1.99 99
2.0 99
2.01 98
2.02 98
2.03 97
2.04 98
2.05 98
2.06 98
2.07 98
2.08 98
2.09 98
2.1 97
2.11 97
2.12 97
2.13 98
2.14 99
2.15 98
2.16 98
2.17 96
2.18 97
2.19 98
2.2 97
2.21 96
2.22 95
2.23 97
2.24 96
2.25 96
2.26 96
2.27 97
2.28 96
2.29 96
2.3 97
2.31 97
2.32 98
2.33 97
2.34 96
2.35 95
2.36 96
2.37 96
2.38 97
2.39 97
2.4 95
2.41 96
2.42 97
2.43 96
2.44 97
2.45 97
2.46 96
2.47 95
2.48 95
2.49 96
2.5 96
2.51 96
2.52 97
2.53 95
2.54 94
2.55 95
2.56 96
2.57 96
2.58 96
2.59 96
2.6 96
2.61 95
2.62 94
2.63 96
2.64 96
2.65 96
2.66 95
2.67 95
2.68 96
2.69 95
2.7 96
2.71 95
2.72 96
2.73 96
2.74 95
2.75 94
2.76 95
2.77 96
2.78 95
2.79 96
2.8 97
2.81 97
2.82 97
2.83 94
2.84 94
2.85 96
2.86 97
2.87 98
2.88 96
2.89 96
2.9 96
2.91 95
2.92 94
2.93 95
2.94 95
2.95 94
2.96 93
2.97 94
2.98 96
2.99 96
3.0 95
3.01 95
3.02 96
3.03 94
3.04 93
3.05 95
3.06 94
3.07 93
3.08 93
3.09 95
3.1 97
3.11 97
3.12 96
3.13 96
3.14 96
3.15 96
3.16 95
3.17 94
3.18 95
3.19 97
3.2 97
3.21 96
3.22 96
3.23 97
3.24 97
3.25 96
3.26 95
3.27 97
3.28 97
3.29 96
3.3 95
3.31 95
3.32 94
3.33 95
3.34 96
3.35 96
3.36 96
3.37 97
3.38 97
3.39 97
3.4 99
3.41 98
3.42 98
3.43 99
3.44 98
3.45 97
3.46 97
3.47 97
3.48 97
3.49 99
3.5 99
3.51 98
3.52 99
3.53 99
3.54 99
3.55 98
3.56 98
3.57 98
3.58 98
3.59 98
3.6 98
3.61 99
3.62 100
3.63 99
3.64 99
3.65 99
3.66 100
3.67 99
3.68 99
3.69 100
3.7 100
3.71 99
3.72 98
3.73 98
3.74 97
3.75 98
3.76 98
3.77 100
3.78 103
3.79 103
3.8 101
3.81 100
3.82 101
3.83 101
3.84 99
3.85 100
3.86 101
3.87 102
3.88 101
3.89 100
3.9 100
3.91 100
3.92 100
3.93 101
3.94 100
3.95 101
3.96 100
3.97 100
3.98 100
3.99 100
4.0 101
4.01 101
4.02 100
4.03 101
4.04 103
4.05 102
4.06 101
4.07 102
4.08 102
4.09 101
4.1 101
4.11 101
4.12 101
4.13 101
4.14 101
4.15 101
4.16 103
4.17 103
4.18 103
4.19 103
4.2 104
4.21 104
4.22 104
4.23 102
4.24 102
4.25 103
4.26 103
4.27 103
4.28 103
4.29 103
4.3 103
4.31 102
4.32 104
4.33 104
4.34 106
4.35 105
4.36 105
4.37 103
4.38 105
4.39 106
4.4 105
4.41 103
4.42 105
4.43 104
4.44 104
4.45 104
4.46 104
4.47 105
4.48 105
4.49 105
4.5 104
4.51 105
4.52 105
4.53 104
4.54 104
4.55 105
4.56 106
4.57 106
4.58 105
4.59 106
4.6 108
4.61 108
4.62 107
4.63 107
4.64 107
4.65 106
4.66 105
4.67 106
4.68 105
4.69 107
4.7 106
4.71 107
4.72 107
4.73 106
4.74 106
4.75 108
4.76 107
4.77 107
4.78 106
4.79 107
4.8 107
4.81 108
4.82 108
4.83 107
4.84 106
4.85 106
4.86 107
4.87 107
4.88 107
4.89 107
4.9 108
4.91 108
4.92 108
4.93 107
4.94 107
4.95 107
4.96 107
4.97 109
4.98 110
4.99 112
5.0 111
5.01 110
5.02 107
5.03 108
5.04 108
5.05 109
5.06 109
5.07 109
5.08 110
5.09 111
5.1 111
5.11 109
5.12 111
5.13 111
5.14 110
5.15 109
5.16 110
5.17 111
5.18 112
5.19 110
5.2 110
5.21 112
5.22 111
5.23 111
5.24 111
5.25 112
5.26 111
5.27 112
5.28 113
5.29 113
5.3 113
5.31 112
5.32 111
5.33 112
5.34 112
5.35 111
5.36 110
5.37 111
5.38 113
5.39 113
5.4 112
5.41 112
5.42 114
5.43 113
5.44 112
5.45 112
5.46 112
5.47 112
5.48 112
5.49 111
5.5 113
5.51 114
5.52 115
5.53 115
5.54 114
5.55 114
5.56 115
5.57 114
5.58 114
5.59 115
5.6 115
5.61 114
5.62 113
5.63 114
5.64 113
5.65 113
5.66 113
5.67 114
5.68 115
5.69 114
5.7 114
5.71 113
5.72 115
5.73 115
5.74 115
5.75 114
5.76 117
5.77 117
5.78 116
5.79 116
5.8 117
5.81 116
5.82 117
5.83 114
5.84 116
5.85 117
5.86 117
5.87 116
5.88 116
5.89 117
5.9 116
5.91 115
5.92 116
5.93 117
5.94 117
5.95 116
5.96 115
5.97 117
5.98 116
5.99 116
6.0 114
6.01 115
6.02 116
6.03 117
6.04 116
6.05 118
6.06 118
6.07 116
6.08 117
6.09 116
6.1 118
6.11 117
6.12 115
6.13 116
6.14 118
6.15 118
6.16 118
6.17 115
6.18 116
6.19 117
6.2 117
6.21 117
6.22 115
6.23 113
6.24 112
6.25 113
6.26 116
6.27 116
6.28 117
6.29 117
6.3 117
6.31 118
6.32 117
6.33 114
6.34 116
6.35 118
6.36 120
6.37 116
6.38 116
6.39 118
6.4 117
6.41 117
6.42 117
6.43 115
6.44 115
6.45 117
6.46 117
6.47 117
6.48 117
6.49 115
6.5 119
6.51 120
6.52 118
6.53 116
6.54 117
6.55 118
6.56 118
6.57 117
6.58 114
6.59 115
6.6 118
6.61 120
6.62 118
6.63 116
6.64 115
6.65 116
6.66 120
6.67 119
6.68 118
6.69 116
6.7 116
6.71 119
6.72 120
6.73 120
6.74 119
6.75 117
6.76 117
6.77 119
6.78 118
6.79 117
6.8 116
6.81 114
6.82 116
6.83 118
6.84 118
6.85 117
6.86 115
6.87 141
6.88 93
6.89 73
6.9 1226
6.91 1641
6.92 1734
6.93 1573
6.94 1081
6.95 707
6.96 1266
6.97 1536
6.98 1394
6.99 508
7.0 -417
7.01 431
7.02 1123
7.03 1289
7.04 811
7.05 89
7.06 -18
7.07 810
7.08 1475
7.09 1233
7.1 386
7.11 -386
7.12 198
7.13 1131
7.14 1507
7.15 1818
7.16 1813
7.17 2138
7.18 890
7.19 826
7.2 733
7.21 807
7.22 873
7.23 749
7.24 678
7.25 622
7.26 579
7.27 607
7.28 630
7.29 550
7.3 508
7.31 478
7.32 450
7.33 484
7.34 488
7.35 443
7.36 402
7.37 378
7.38 390
7.39 343
7.4 600
7.41 1194
7.42 1588
7.43 1676
7.44 1224
7.45 736
7.46 565
7.47 1214
7.48 1496
7.49 1412
7.5 814
7.51 -43
7.52 590
7.53 1321
7.54 1556
7.55 1313
7.56 421
7.57 547
7.58 1324
7.59 1526
7.6 1143
7.61 18
7.62 -582
7.63 426
7.64 1256
7.65 1462
7.66 1059
7.67 122
7.68 -479
7.69 426
7.7 1142
7.71 1508
7.72 1221
7.73 581
7.74 -270
7.75 539
7.76 1268
7.77 1432
7.78 1144
7.79 347
7.8 -280
7.81 617
7.82 1165
7.83 1253
7.84 730
7.85 -65
7.86 -300
7.87 589
7.88 1160
7.89 1116
7.9 342
7.91 -464
7.92 -438
7.93 509
7.94 1147
7.95 937
7.96 -17
7.97 -880
7.98 -134
7.99 888
8.0 1128
8.01 606
8.02 -460
8.03 -608
8.04 425
8.05 1281
8.06 1019
8.07 -294
8.08 -974
8.09 124
8.1 972
8.11 1020
8.12 49
8.13 -652
8.14 -288
8.15 733
8.16 1160
8.17 793
8.18 -413
8.19 -790
8.2 219
8.21 921
8.22 1056
8.23 321
8.24 -523
8.25 -368
8.26 765
8.27 1339
8.28 1138
8.29 -184
8.3 -1089
8.31 -19
8.32 1256
8.33 1535
8.34 1358
8.35 663
8.36 363
8.37 1029
8.38 1784
8.39 1901
8.4 1720
8.41 1320
8.42 1136
8.43 1595
8.44 1718
8.45 691
8.46 -1769
8.47 -2095
8.48 -450
8.49 330
8.5 -708
8.51 -2225
8.52 -2623
8.53 -745
8.54 493
8.55 317
8.56 -1060
8.57 -2288
8.58 -1717
8.59 138
8.6 444
8.61 -1080
8.62 -2137
8.63 -183
8.64 515
8.65 -656
8.66 -2077
8.67 -449
8.68 547
8.69 -494
8.7 -1984
8.71 -714
8.72 533
8.73 -186
8.74 -1536
8.75 -1166
8.76 426
8.77 33
8.78 -1461
8.79 -1387
8.8 460
8.81 189
8.82 -1310
8.83 -1632
8.84 293
8.85 355
8.86 -956
8.87 -1920
8.88 168
8.89 905
8.9 288
8.91 -1012
8.92 566
8.93 1781
8.94 1811
8.95 1845
8.96 1042
8.97 1047
8.98 996
8.99 1058
9.0 946
9.01 785
9.02 757
9.03 768
9.04 756
9.05 677
9.06 633
9.07 620
9.08 616
9.09 573
9.1 536
9.11 516
9.12 520
9.13 501
9.14 470
9.15 443
9.16 445
9.17 444
9.18 416
9.19 392
9.2 383
9.21 389
9.22 381
9.23 359
9.24 345
9.25 348
9.26 349
9.27 329
9.28 313
9.29 312
9.3 318
9.31 310
9.32 294
9.33 283
9.34 285
9.35 287
9.36 275
9.37 266
9.38 265
9.39 265
9.4 255
9.41 251
9.42 245
9.43 248
9.44 248
9.45 241
9.46 227
9.47 228
9.48 231
9.49 225
9.5 220
9.51 218
9.52 215
9.53 216
9.54 210
9.55 204
9.56 203
9.57 206
9.58 201
9.59 195
9.6 191
9.61 192
9.62 194
9.63 189
9.64 183
9.65 183
9.66 185
9.67 185
9.68 175
9.69 174
9.7 175
9.71 177
9.72 171
9.73 169
9.74 166
9.75 169
9.76 166
9.77 161
9.78 158
9.79 161
9.8 160
9.81 156
9.82 152
9.83 153
9.84 155
9.85 155
9.86 152
9.87 150
9.88 150
9.89 152
9.9 147
9.91 146
9.92 144
9.93 146
9.94 145
9.95 141
9.96 140
9.97 141
9.98 141
9.99 139
10.0 136
10.01 136
10.02 137
10.03 137
10.04 136
10.05 134
10.06 135
10.07 136
10.08 133
10.09 131
10.1 130
10.11 130
10.12 130
10.13 129
10.14 126
10.15 126
10.16 130
10.17 128
10.18 126
10.19 125
10.2 127
10.21 124
10.22 122
10.23 120
10.24 122
10.25 123
10.26 122
10.27 119
10.28 119
10.29 121
10.3 122
10.31 118
10.32 118
10.33 119
10.34 119
10.35 117
10.36 117
10.37 117
10.38 117
10.39 117
10.4 114
10.41 114
10.42 115
10.43 114
10.44 114
10.45 113
10.46 114
10.47 115
10.48 114
10.49 112
10.5 110
10.51 112
10.52 111
10.53 111
10.54 110
10.55 111
10.56 109
10.57 110
10.58 109
10.59 107
10.6 109
10.61 111
10.62 108
10.63 107
10.64 108
10.65 107
10.66 107
10.67 107
10.68 106
10.69 106
10.7 106
10.71 106
10.72 105
10.73 106
10.74 106
10.75 104
10.76 104
10.77 105
10.78 104
10.79 104
10.8 103
10.81 103
10.82 103
10.83 103
10.84 103
10.85 103
10.86 103
10.87 104
10.88 103
10.89 103
10.9 103
10.91 103
10.92 103
10.93 103
10.94 103
10.95 103
10.96 103
10.97 103
10.98 102
10.99 101
11.0 102
11.01 102
11.02 102
11.03 100
11.04 101
11.05 102
11.06 102
11.07 100
11.08 101
11.09 101
11.1 100
11.11 101
11.12 101
11.13 101
11.14 102
11.15 100
11.16 100
11.17 101
11.18 101
11.19 100
11.2 100
11.21 101
11.22 101
11.23 99
11.24 100
11.25 100
11.26 101
11.27 102
11.28 101
11.29 100
11.3 100
11.31 99
11.32 99
11.33 99
11.34 98
11.35 99
11.36 99
11.37 100
11.38 98
11.39 98
11.4 99
11.41 98
11.42 98
11.43 97
11.44 98
11.45 98
11.46 98
11.47 98
11.48 97
11.49 95
11.5 97
11.51 97
11.52 97
11.53 97
11.54 98
11.55 98
11.56 97
11.57 97
11.58 96
11.59 97
11.6 98
11.61 98
11.62 98
11.63 99
11.64 99
11.65 98
11.66 99
11.67 98
11.68 99
11.69 98
11.7 98
11.71 99
11.72 99
11.73 98
11.74 97
11.75 97
11.76 99
11.77 98
11.78 97
11.79 98
11.8 98
11.81 99
11.82 99
11.83 98
11.84 98
11.85 98
11.86 98
11.87 99
11.88 98
11.89 99
11.9 99
11.91 99
11.92 100
11.93 99
11.94 99
11.95 99
11.96 99
11.97 98
11.98 99
11.99 97
12.0 97
12.01 98
12.02 99
12.03 99
12.04 98
12.05 99
12.06 100
12.07 101
12.08 99
12.09 98
12.1 99
12.11 101
12.12 101
12.13 101
12.14 101
12.15 102
12.16 102
12.17 100
12.18 99
12.19 101
12.2 101
12.21 100
12.22 100
12.23 100
12.24 100
12.25 102
12.26 102
12.27 100
12.28 100
12.29 100
12.3 100
12.31 100
12.32 102
12.33 101
12.34 101
12.35 101
12.36 101
12.37 101
12.38 101
12.39 99
12.4 100
12.41 101
12.42 101
12.43 102
12.44 100
12.45 101
12.46 101
12.47 101
12.48 100
12.49 99
12.5 101
12.51 99
12.52 102
12.53 101
12.54 101
12.55 101
12.56 101
12.57 100
12.58 101
12.59 101
12.6 102
12.61 102
12.62 102
12.63 103
12.64 102
12.65 102
12.66 102
12.67 102
12.68 102
12.69 101
12.7 101
12.71 103
12.72 103
12.73 103
12.74 103
12.75 102
12.76 104
12.77 105
12.78 104
12.79 103
12.8 105
12.81 105
12.82 106
12.83 102
12.84 103
12.85 103
12.86 103
12.87 103
12.88 103
12.89 103
12.9 103
12.91 105
12.92 105
12.93 102
12.94 103
12.95 103
12.96 103
12.97 104
12.98 105
12.99 104
13.0 104
13.01 103
13.02 104
13.03 106
13.04 104
13.05 104
13.06 103
13.07 103
13.08 103
13.09 104
13.1 103
13.11 103
13.12 104
13.13 104
13.14 105
13.15 106
13.16 105
13.17 106
13.18 108
13.19 109
13.2 109
13.21 108
13.22 107
13.23 107
13.24 108
13.25 109
13.26 109
13.27 108
13.28 106
13.29 107
13.3 107
13.31 108
13.32 109
13.33 108
13.34 106
13.35 105
13.36 107
13.37 108
13.38 108
13.39 107
13.4 106
13.41 106
13.42 108
13.43 108
13.44 107
13.45 107
13.46 108
13.47 110
13.48 109
13.49 110
13.5 108
13.51 109
13.52 110
13.53 112
13.54 111
13.55 109
13.56 110
13.57 110
13.58 111
13.59 111
13.6 111
13.61 111
13.62 112
13.63 112
13.64 111
13.65 109
13.66 110
13.67 111
13.68 111
13.69 110
13.7 110
13.71 112
13.72 111
13.73 111
13.74 110
13.75 110
13.76 112
13.77 112
13.78 111
13.79 111
13.8 112
13.81 113
13.82 111
13.83 111
13.84 113
13.85 114
13.86 112
13.87 112
13.88 112
13.89 113
13.9 114
13.91 114
13.92 112
13.93 113
13.94 114
13.95 114
13.96 113
13.97 113
13.98 114
13.99 114
14.0 112
14.01 113
14.02 115
14.03 116
14.04 114
14.05 113
14.06 114
14.07 113
14.08 113
14.09 113
14.1 113
14.11 114
14.12 115
14.13 114
14.14 112
14.15 112
14.16 114
14.17 114
14.18 114
14.19 113
14.2 113
14.21 113
14.22 114
14.23 113
14.24 113
14.25 114
14.26 114
14.27 114
14.28 114
14.29 115
14.3 116
14.31 116
14.32 116
14.33 115
14.34 114
14.35 115
14.36 116
14.37 115
14.38 116
14.39 118
14.4 117
14.41 116
14.42 117
14.43 117
14.44 118
14.45 117
14.46 115
14.47 115
14.48 117
14.49 117
14.5 116
14.51 115
14.52 115
14.53 115
14.54 117
14.55 116
14.56 117
14.57 117
14.58 117
14.59 117
14.6 115
14.61 116
14.62 117
14.63 117
14.64 115
14.65 115
14.66 116
14.67 117
14.68 116
14.69 116
14.7 116
14.71 118
14.72 118
14.73 116
14.74 116
14.75 118
14.76 117
14.77 117
14.78 116
14.79 117
14.8 118
14.81 116
14.82 116
14.83 115
14.84 118
14.85 118
14.86 117
14.87 117
14.88 116
14.89 117
14.9 117
14.91 116
14.92 117
14.93 118
14.94 118
14.95 116
14.96 116
14.97 118
14.98 120
14.99 119
15.0 118
15.01 117
15.02 117
15.03 119
15.04 119
15.05 118
15.06 118
15.07 119
15.08 119
15.09 119
15.1 119
15.11 118
15.12 120
15.13 119
15.14 119
15.15 119
15.16 120
15.17 119
15.18 119
15.19 119
15.2 120
15.21 120
15.22 119
15.23 119
15.24 119
15.25 122
15.26 119
15.27 119
15.28 120
15.29 121
15.3 121
15.31 119
15.32 119
15.33 120
15.34 121
15.35 119
15.36 119
15.37 120
15.38 121
15.39 121
15.4 121
15.41 118
15.42 118
15.43 119
15.44 120
15.45 118
15.46 117
15.47 119
15.48 118
15.49 119
15.5 120
15.51 120
15.52 121
15.53 121
15.54 120
15.55 119
15.56 121
15.57 121
15.58 119
15.59 120
15.6 121
15.61 122
15.62 121
15.63 121
15.64 121
15.65 122
15.66 121
15.67 120
15.68 120
15.69 121
15.7 121
15.71 120
15.72 119
15.73 121
15.74 122
15.75 121
15.76 120
15.77 121
15.78 123
15.79 122
15.8 121
15.81 121
15.82 122
15.83 122
15.84 121
15.85 120
15.86 121
15.87 122
15.88 122
15.89 121
15.9 120
15.91 121
15.92 121
15.93 122
15.94 121
15.95 121
15.96 122
15.97 123
15.98 120
15.99 122
16.0 122
16.01 123
16.02 123
16.03 121
16.04 121
16.05 123
16.06 123
16.07 122
16.08 123
16.09 123
16.1 123
16.11 122
16.12 121
16.13 121
16.14 123
16.15 122
16.16 121
16.17 122
16.18 122
16.19 125
16.2 123
16.21 123
16.22 120
16.23 116
16.24 116
16.25 122
16.26 124
16.27 125
16.28 124
16.29 121
16.3 123
16.31 124
16.32 124
16.33 123
16.34 123
16.35 124
16.36 123
16.37 124
16.38 123
16.39 124
16.4 124
16.41 124
16.42 121
16.43 123
16.44 125
16.45 126
16.46 125
16.47 124
16.48 124
16.49 125
16.5 125
16.51 124
16.52 123
16.53 124
16.54 125
16.55 123
16.56 123
16.57 125
16.58 125
16.59 124
16.6 123
16.61 123
16.62 124
16.63 126
16.64 127
16.65 126
16.66 124
16.67 123
16.68 124
16.69 125
16.7 125
16.71 124
16.72 124
16.73 127
16.74 125
16.75 124
16.76 125
16.77 124
16.78 124
16.79 124
16.8 124
16.81 125
16.82 125
16.83 125
16.84 126
16.85 125
16.86 124
16.87 124
16.88 124
16.89 122
16.9 123
16.91 124
16.92 125
16.93 126
16.94 125
16.95 123
16.96 125
16.97 126
16.98 124
16.99 125
17.0 125
17.01 126
17.02 126
17.03 124
17.04 125
17.05 126
17.06 126
17.07 126
17.08 125
17.09 126
17.1 125
17.11 125
17.12 125
17.13 126
17.14 127
17.15 127
17.16 126
17.17 126
17.18 127
17.19 126
17.2 127
17.21 127
17.22 126
17.23 127
17.24 128
17.25 127
17.26 126
17.27 126
17.28 128
17.29 126
17.3 125
17.31 124
17.32 125
17.33 124
17.34 125
17.35 126
17.36 126
17.37 125
17.38 125
17.39 126
17.4 128
17.41 125
17.42 125
17.43 127
17.44 128
17.45 127
17.46 125
17.47 126
17.48 127
17.49 127
17.5 126
17.51 128
17.52 127
17.53 127
17.54 127
17.55 129
17.56 129
17.57 128
17.58 127
17.59 127
17.6 128
17.61 128
17.62 127
17.63 128
17.64 129
17.65 129
17.66 128
17.67 126
17.68 125
17.69 126
17.7 125
17.71 124
17.72 127
17.73 127
17.74 125
17.75 126
17.76 127
17.77 126
17.78 126
17.79 126
17.8 127
17.81 127
17.82 126
17.83 126
17.84 127
17.85 126
17.86 127
17.87 127
17.88 128
17.89 126
17.9 126
17.91 127
17.92 126
17.93 128
17.94 128
17.95 129
17.96 128
17.97 127
17.98 128
17.99 127
18.0 127
18.01 127
18.02 126
18.03 128
18.04 127
18.05 127
18.06 127
18.07 128
18.08 126
18.09 126
18.1 127
18.11 128
18.12 127
18.13 126
18.14 128
18.15 127
18.16 127
18.17 128
18.18 129
18.19 129
18.2 128
18.21 128
18.22 129
18.23 128
18.24 128
18.25 130
18.26 130
18.27 128
18.28 128
18.29 129
18.3 129
18.31 128
18.32 129
18.33 130
18.34 130
18.35 128
18.36 128
18.37 128
18.38 128
18.39 127
18.4 129
18.41 131
18.42 129
18.43 129
18.44 129
18.45 131
18.46 130
18.47 130
18.48 128
18.49 129
18.5 129
18.51 127
18.52 127
18.53 128
18.54 129
18.55 128
18.56 129
18.57 130
18.58 130
18.59 129
18.6 128
18.61 129
18.62 130
18.63 129
18.64 128
18.65 128
18.66 130
18.67 130
18.68 129
18.69 130
18.7 130
18.71 130
18.72 130
18.73 129
18.74 131
18.75 130
18.76 128
18.77 127
18.78 129
18.79 131
18.8 130
18.81 130
18.82 129
18.83 131
18.84 131
18.85 130
18.86 129
18.87 130
18.88 131
18.89 130
18.9 130
18.91 130
18.92 131
18.93 132
18.94 130
18.95 131
18.96 130
18.97 132
18.98 131
18.99 131
19.0 132
19.01 132
19.02 131
19.03 131
19.04 130
19.05 131
19.06 132
19.07 131
19.08 129
19.09 130
19.1 130
19.11 130
19.12 129
19.13 129
19.14 132
19.15 131
19.16 130
19.17 129
19.18 131
19.19 131
19.2 130
19.21 129
19.22 130
19.23 131
19.24 131
19.25 131
19.26 130
19.27 132
19.28 132
19.29 130
19.3 130
19.31 132
19.32 133
19.33 131
19.34 130
19.35 131
19.36 131
19.37 130
19.38 129
19.39 131
19.4 131
19.41 130
19.42 128
19.43 131
19.44 131
19.45 132
19.46 132
19.47 130
19.48 131
19.49 132
19.5 130
19.51 130
19.52 131
19.53 132
19.54 132
19.55 128
19.56 129
19.57 132
19.58 133
19.59 132
19.6 132
19.61 132
19.62 133
19.63 132
19.64 130
19.65 131
19.66 132
19.67 134
19.68 132
19.69 132
19.7 132
19.71 133
19.72 131
19.73 131
19.74 131
19.75 132
19.76 133
19.77 131
19.78 130
19.79 131
19.8 131
19.81 133
19.82 131
19.83 132
19.84 133
19.85 134
19.86 131
19.87 130
19.88 132
19.89 133
19.9 131
19.91 131
19.92 131
19.93 133
19.94 133
19.95 132
19.96 132
19.97 133
19.98 133
19.99 131
20.0 132
20.01 134
20.02 134
20.03 131
20.04 131
20.05 133
20.06 134
20.07 132
20.08 132
20.09 132
20.1 133
20.11 132
20.12 130
20.13 132
20.14 134
20.15 133
20.16 132
20.17 133
20.18 134
20.19 133
20.2 132
20.21 131
20.22 132
20.23 133
20.24 133
20.25 132
20.26 133
20.27 133
20.28 132
20.29 131
20.3 131
20.31 133
20.32 132
20.33 131
20.34 131
20.35 133
20.36 132
20.37 132
20.38 130
20.39 133
20.4 133
20.41 132
20.42 132
20.43 133
20.44 134
20.45 132
20.46 132
20.47 131
20.48 132
20.49 133
20.5 131
20.51 130
20.52 132
20.53 133
20.54 132
20.55 132
20.56 133
20.57 134
20.58 133
20.59 132
20.6 134
20.61 133
20.62 133
20.63 132
20.64 133
20.65 134
20.66 132
20.67 132
20.68 133
20.69 132
20.7 131
20.71 131
20.72 132
20.73 132
20.74 129
20.75 130
20.76 133
20.77 131
20.78 132
20.79 133
20.8 134
20.81 132
20.82 132
20.83 133
20.84 133
20.85 133
20.86 131
20.87 133
20.88 133
20.89 131
20.9 132
20.91 132
20.92 132
20.93 130
20.94 132
20.95 133
20.96 132
20.97 132
20.98 133
20.99 133
21.0 129
21.01 131
21.02 131
21.03 132
21.04 131
21.05 133
21.06 133
21.07 132
21.08 128
21.09 129
21.1 132
21.11 134
21.12 132
21.13 131
21.14 132
21.15 133
21.16 132
21.17 130
21.18 131
21.19 132
21.2 135
21.21 135
21.22 132
21.23 132
21.24 132
21.25 132
21.26 133
21.27 134
21.28 134
21.29 133
21.3 132
21.31 132
21.32 136
21.33 134
21.34 134
21.35 132
21.36 132
21.37 134
21.38 137
21.39 136
21.4 136
21.41 134
21.42 134
21.43 135
21.44 134
21.45 135
21.46 134
21.47 131
21.48 132
21.49 133
21.5 136
21.51 135
21.52 134
21.53 132
21.54 132
21.55 133
21.56 134
21.57 135
21.58 134
21.59 130
21.6 132
21.61 133
21.62 134
21.63 133
21.64 131
21.65 130
21.66 132
21.67 134
21.68 135
21.69 135
21.7 132
21.71 132
21.72 134
21.73 135
21.74 135
21.75 134
21.76 132
21.77 133
21.78 134
21.79 135
21.8 136
21.81 135
21.82 133
21.83 133
21.84 134
21.85 134
21.86 135
21.87 133
21.88 132
21.89 133
21.9 134
21.91 135
21.92 134
21.93 132
21.94 132
21.95 134
21.96 136
21.97 137
21.98 136
21.99 134
22.0 134
22.01 135
22.02 136
22.03 137
22.04 136
22.05 134
22.06 133
22.07 134
22.08 135
22.09 135
22.1 134
22.11 132
22.12 135
22.13 137
22.14 137
22.15 137
22.16 135
22.17 135
22.18 134
22.19 135
22.2 137
22.21 138
22.22 135
22.23 133
22.24 134
22.25 134
22.26 136
22.27 135
22.28 133
22.29 134
22.3 134
22.31 137
22.32 136
22.33 136
22.34 135
22.35 135
22.36 136
22.37 136
22.38 137
22.39 136
22.4 133
22.41 133
22.42 135
22.43 136
22.44 136
22.45 134
22.46 133
22.47 134
22.48 135
22.49 137
22.5 136
22.51 134
22.52 135
22.53 135
22.54 136
22.55 136
22.56 133
22.57 133
22.58 132
22.59 133
22.6 134
22.61 137
22.62 137
22.63 133
22.64 134
22.65 132
22.66 135
22.67 136
22.68 134
22.69 134
22.7 135
22.71 136
22.72 137
22.73 137
22.74 135
22.75 134
22.76 134
22.77 135
22.78 137
22.79 137
22.8 136
22.81 135
22.82 135
22.83 135
22.84 136
22.85 135
22.86 135
22.87 135
22.88 133
22.89 135
22.9 137
22.91 138
22.92 136
22.93 134
22.94 134
22.95 136
22.96 138
22.97 133
22.98 134
22.99 133
23.0 134
23.01 136
23.02 135
23.03 136
23.04 135
23.05 134
23.06 134
23.07 136
23.08 138
23.09 137
23.1 135
23.11 134
23.12 135
23.13 136
23.14 136
23.15 136
23.16 134
23.17 135
23.18 137
23.19 137
23.2 135
23.21 134
23.22 133
23.23 132
23.24 134
23.25 135
23.26 134
23.27 133
23.28 132
23.29 133
23.3 135
23.31 135
23.32 135
23.33 134
23.34 132
23.35 132
23.36 135
23.37 137
23.38 137
23.39 136
23.4 136
23.41 137
23.42 138
23.43 135
23.44 134
23.45 137
23.46 137
23.47 135
23.48 135
23.49 136
23.5 136
23.51 137
23.52 135
23.53 135
23.54 136
23.55 136
23.56 134
23.57 133
23.58 135
23.59 135
23.6 135
23.61 135
23.62 136
23.63 137
23.64 136
23.65 136
23.66 134
23.67 135
23.68 135
23.69 133
23.7 134
23.71 135
23.72 136
23.73 136
23.74 134
23.75 134
23.76 135
23.77 135
23.78 134
23.79 133
23.8 134
23.81 135
23.82 134
23.83 133
23.84 134
23.85 136
23.86 135
23.87 135
23.88 135
23.89 137
23.9 137
23.91 136
23.92 136
23.93 135
23.94 136
23.95 136
23.96 133
23.97 133
23.98 134
23.99 136
24.0 135
24.01 134
24.02 134
24.03 136
24.04 136
24.05 134
24.06 134
24.07 136
24.08 137
24.09 134
24.1 135
24.11 136
24.12 136
24.13 134
24.14 133
24.15 133
24.16 135
24.17 134
24.18 134
24.19 134
24.2 137
24.21 136
24.22 135
24.23 135
24.24 136
24.25 134
24.26 134
24.27 134
24.28 136
24.29 137
24.3 135
24.31 133
24.32 135
24.33 136
24.34 134
24.35 133
24.36 135
24.37 136
24.38 136
24.39 136
24.4 136
24.41 135
24.42 136
24.43 136
24.44 135
24.45 136
24.46 136
24.47 135
24.48 134
24.49 135
24.5 136
24.51 135
24.52 135
24.53 135
24.54 135
24.55 137
24.56 136
24.57 134
24.58 135
24.59 138
24.6 137
24.61 134
24.62 135
24.63 136
24.64 137
24.65 135
24.66 133
24.67 134
24.68 137
24.69 137
24.7 136
24.71 136
24.72 137
24.73 137
24.74 135
24.75 136
24.76 137
24.77 136
24.78 134
24.79 133
24.8 134
24.81 135
24.82 136
24.83 134
24.84 135
24.85 137
24.86 137
24.87 136
24.88 136
24.89 137
24.9 134
24.91 134
24.92 135
24.93 137
24.94 137
24.95 135
24.96 135
24.97 135
24.98 137
24.99 136
25.0 136
25.01 135
25.02 135
25.03 135
25.04 133
25.05 133
25.06 133
25.07 133
25.08 133
25.09 133
25.1 133
25.11 136
25.12 136
25.13 133
25.14 133
25.15 136
25.16 136
25.17 135
25.18 134
25.19 134
25.2 135
25.21 137
25.22 136
25.23 134
25.24 136
25.25 136
25.26 133
25.27 133
25.28 135
25.29 137
25.3 137
25.31 136
25.32 135
25.33 136
25.34 137
25.35 136
25.36 134
25.37 136
25.38 137
25.39 138
25.4 136
25.41 134
25.42 135
25.43 137
25.44 135
25.45 135
25.46 135
25.47 137
25.48 137
25.49 135
25.5 135
25.51 135
25.52 137
25.53 135
25.54 134
25.55 133
25.56 136
25.57 136
25.58 135
25.59 133
25.6 136
25.61 137
25.62 137
25.63 135
25.64 135
25.65 136
25.66 137
25.67 135
25.68 135
25.69 136
25.7 138
25.71 137
25.72 135
25.73 136
25.74 138
25.75 138
25.76 137
25.77 135
25.78 136
25.79 137
25.8 136
25.81 137
25.82 136
25.83 137
25.84 136
25.85 134
25.86 134
25.87 135
25.88 136
25.89 137
25.9 134
25.91 135
25.92 136
25.93 136
25.94 135
25.95 133
25.96 134
25.97 137
25.98 135
25.99 134
26.0 134
26.01 137
26.02 137
26.03 135
26.04 135
26.05 136
26.06 137
26.07 138
26.08 135
26.09 133
26.1 133
26.11 130
26.12 132
26.13 137
26.14 138
26.15 137
26.16 137
26.17 138
26.18 138
26.19 135
26.2 134
26.21 136
26.22 137
26.23 137
26.24 135
26.25 136
26.26 137
26.27 138
26.28 136
26.29 137
26.3 138
26.31 137
26.32 133
26.33 134
26.34 137
26.35 137
26.36 135
26.37 136
26.38 135
26.39 135
26.4 134
26.41 133
26.42 135
26.43 135
26.44 135
26.45 134
26.46 134
26.47 137
26.48 136
26.49 134
26.5 134
26.51 135
26.52 136
26.53 134
26.54 134
26.55 136
26.56 137
26.57 135
26.58 135
26.59 135
26.6 137
26.61 136
26.62 136
26.63 135
26.64 135
26.65 137
26.66 136
26.67 134
26.68 135
26.69 136
26.7 135
26.71 134
26.72 133
26.73 134
26.74 136
26.75 134
26.76 133
26.77 135
26.78 136
26.79 134
26.8 134
26.81 133
26.82 135
26.83 136
26.84 136
26.85 134
26.86 136
26.87 138
26.88 137
26.89 135
26.9 135
26.91 136
26.92 137
26.93 136
26.94 135
26.95 137
26.96 138
26.97 137
26.98 135
26.99 133
27.0 134
27.01 135
27.02 134
27.03 133
27.04 135
27.05 137
27.06 137
27.07 133
27.08 133
27.09 134
27.1 136
27.11 135
27.12 134
27.13 135
27.14 137
27.15 137
27.16 136
27.17 135
27.18 138
27.19 138
27.2 134
27.21 135
27.22 135
27.23 138
27.24 137
27.25 135
27.26 134
27.27 135
27.28 136
27.29 136
27.3 135
27.31 135
27.32 136
27.33 136
27.34 135
27.35 135
27.36 137
27.37 138
27.38 136
27.39 136
27.4 136
27.41 137
27.42 137
27.43 136
27.44 134
27.45 136
27.46 138
27.47 136
27.48 134
27.49 135
27.5 136
27.51 137
27.52 135
27.53 136
27.54 136
27.55 136
27.56 136
27.57 134
27.58 136
27.59 137
27.6 136
27.61 136
27.62 135
27.63 137
27.64 138
27.65 139
27.66 136
27.67 136
27.68 136
27.69 137
27.7 136
27.71 135
27.72 135
27.73 137
27.74 136
27.75 134
27.76 135
27.77 137
27.78 138
27.79 135
27.8 135
27.81 135
27.82 134
27.83 134
27.84 133
27.85 135
27.86 136
27.87 135
27.88 134
27.89 134
27.9 137
27.91 137
27.92 136
27.93 136
27.94 136
27.95 136
27.96 138
27.97 136
27.98 136
27.99 137
28.0 139
28.01 136
28.02 134
28.03 135
28.04 137
28.05 137
28.06 136
28.07 136
28.08 136
28.09 137
28.1 136
28.11 136
28.12 136
28.13 136
28.14 137
28.15 135
28.16 134
28.17 135
28.18 136
28.19 134
28.2 135
28.21 135
28.22 137
28.23 137
28.24 134
28.25 133
28.26 135
28.27 137
28.28 138
28.29 136
28.3 136
28.31 137
28.32 137
28.33 137
28.34 136
28.35 136
28.36 137
28.37 138
28.38 135
28.39 135
28.4 136
28.41 137
28.42 138
28.43 135
28.44 134
28.45 137
28.46 138
28.47 137
28.48 136
28.49 136
28.5 136
28.51 136
28.52 136
28.53 134
28.54 135
28.55 136
28.56 134
28.57 135
28.58 135
28.59 136
28.6 134
28.61 135
28.62 135
28.63 136
28.64 138
28.65 136
28.66 135
28.67 136
28.68 137
28.69 135
28.7 135
28.71 136
28.72 137
28.73 134
28.74 134
28.75 136
28.76 137
28.77 137
28.78 135
28.79 137
28.8 137
28.81 136
28.82 137
28.83 136
28.84 136
28.85 135
28.86 134
28.87 134
28.88 136
28.89 136
28.9 135
28.91 134
28.92 137
28.93 137
28.94 134
28.95 135
28.96 135
28.97 135
28.98 136
28.99 135
29.0 135
29.01 137
29.02 137
29.03 134
29.04 135
29.05 137
29.06 137
29.07 134
29.08 135
29.09 136
29.1 138
29.11 137
29.12 138
29.13 138
29.14 137
29.15 137
29.16 136
29.17 136
29.18 137
29.19 136
29.2 134
29.21 135
29.22 137
29.23 137
29.24 135
29.25 135
29.26 135
29.27 136
29.28 136
29.29 134
29.3 134
29.31 136
29.32 136
29.33 135
29.34 136
29.35 137
29.36 135
29.37 134
29.38 135
29.39 137
29.4 136
29.41 136
29.42 135
29.43 136
29.44 138
29.45 136
29.46 135
29.47 136
29.48 137
29.49 136
29.5 135
29.51 135
29.52 137
29.53 138
29.54 137
29.55 136
29.56 137
29.57 137
29.58 135
29.59 135
29.6 137
29.61 138
29.62 136
29.63 135
29.64 135
29.65 137
29.66 137
29.67 137
29.68 136
29.69 138
29.7 136
29.71 133
29.72 133
29.73 136
29.74 136
29.75 135
29.76 135
29.77 135
29.78 136
29.79 137
29.8 137
29.81 135
29.82 137
29.83 136
29.84 134
29.85 135
29.86 137
29.87 137
29.88 136
29.89 135
29.9 137
29.91 136
29.92 136
29.93 136
29.94 135
29.95 138
29.96 137
29.97 136
29.98 135
29.99 136
30.0 135
30.01 135
30.02 135
30.03 137
30.04 136
30.05 136
30.06 135
30.07 135
30.08 136
30.09 136
30.1 135
30.11 137
30.12 138
30.13 136
30.14 136
30.15 135
30.16 136
30.17 137
30.18 135
30.19 135
30.2 137
30.21 137
30.22 136
30.23 136
30.24 136
30.25 136
30.26 136
30.27 134
30.28 135
30.29 135
30.3 136
30.31 134
30.32 135
30.33 137
30.34 138
30.35 136
30.36 136
30.37 137
30.38 138
30.39 137
30.4 134
30.41 135
30.42 135
30.43 135
30.44 135
30.45 136
30.46 137
30.47 137
30.48 135
30.49 135
30.5 136
30.51 137
30.52 136
30.53 137
30.54 136
30.55 137
30.56 136
30.57 135
30.58 136
30.59 139
30.6 138
30.61 137
30.62 137
30.63 138
30.64 137
30.65 136
30.66 135
30.67 136
30.68 136
30.69 136
30.7 135
30.71 136
30.72 137
30.73 136
30.74 135
30.75 137
30.76 138
30.77 136
30.78 134
30.79 137
30.8 138
30.81 138
30.82 135
30.83 135
30.84 135
30.85 136
30.86 134
30.87 135
30.88 136
30.89 136
30.9 135
30.91 136
30.92 137
30.93 138
30.94 137
30.95 135
30.96 136
30.97 137
30.98 135
30.99 133
31.0 132
31.01 126
31.02 132
31.03 135
31.04 134
31.05 134
31.06 131
31.07 133
31.08 134
31.09 135
31.1 136
31.11 134
31.12 133
31.13 134
31.14 136
31.15 136
31.16 137
31.17 134
31.18 135
31.19 135
31.2 136
31.21 137
31.22 138
31.23 135
31.24 136
31.25 136
31.26 138
31.27 139
31.28 137
31.29 135
31.3 136
31.31 138
31.32 139
31.33 139
31.34 136
31.35 136
31.36 138
31.37 138
31.38 138
31.39 136
31.4 135
31.41 134
31.42 135
31.43 136
31.44 135
31.45 135
31.46 134
31.47 134
31.48 136
31.49 137
31.5 136
31.51 134
31.52 135
31.53 137
31.54 139
31.55 138
31.56 136
31.57 135
31.58 136
31.59 137
31.6 138
31.61 136
31.62 137
31.63 138
31.64 138
31.65 139
31.66 137
31.67 136
31.68 136
31.69 136
31.7 137
31.71 136
31.72 135
31.73 133
31.74 134
31.75 134
31.76 137
31.77 137
31.78 134
31.79 134
31.8 136
31.81 138
31.82 137
31.83 137
31.84 135
31.85 136
31.86 138
31.87 139
31.88 140
31.89 136
31.9 136
31.91 136
31.92 138
31.93 139
31.94 139
31.95 137
31.96 136
31.97 138
31.98 137
31.99 138
32.0 137
32.01 134
32.02 135
32.03 137
32.04 138
32.05 137
32.06 136
32.07 134
32.08 136
32.09 138
32.1 138
32.11 138
32.12 137
32.13 137
32.14 138
32.15 138
32.16 137
32.17 137
32.18 136
32.19 136
32.2 137
32.21 140
32.22 139
32.23 137
32.24 135
32.25 136
32.26 137
32.27 138
32.28 137
32.29 136
32.3 135
32.31 136
32.32 138
32.33 137
32.34 137
32.35 135
32.36 135
32.37 136
32.38 138
32.39 136
32.4 135
32.41 134
32.42 135
32.43 138
32.44 137
32.45 136
32.46 136
32.47 136
32.48 137
32.49 138
32.5 137
32.51 137
32.52 136
32.53 135
32.54 136
32.55 139
32.56 138
32.57 136
32.58 136
32.59 135
32.6 137
32.61 139
32.62 137
32.63 136
32.64 135
32.65 135
32.66 136
32.67 136
32.68 135
32.69 135
32.7 134
32.71 136
32.72 138
32.73 136
32.74 135
32.75 135
32.76 133
32.77 135
32.78 136
32.79 135
32.8 135
32.81 135
32.82 136
32.83 138
32.84 139
32.85 135
32.86 135
32.87 136
32.88 136
32.89 139
32.9 137
32.91 137
32.92 136
32.93 136
32.94 138
32.95 139
32.96 137
32.97 137
32.98 137
32.99 137
33.0 138
33.01 138
33.02 134
33.03 134
33.04 134
33.05 136
33.06 139
33.07 136
33.08 133
33.09 135
33.1 136
33.11 137
33.12 137
33.13 138
33.14 135
33.15 136
33.16 136
33.17 137
33.18 138
33.19 136
33.2 136
33.21 136
33.22 137
33.23 140
33.24 139
33.25 138
33.26 136
33.27 138
33.28 137
33.29 136
33.3 137
33.31 139
33.32 139
33.33 138
33.34 137
33.35 138
33.36 138
33.37 137
33.38 137
33.39 137
33.4 139
33.41 138
33.42 137
33.43 136
33.44 138
33.45 138
33.46 137
33.47 136
33.48 137
33.49 139
33.5 135
33.51 135
33.52 136
33.53 138
33.54 136
33.55 137
33.56 136
33.57 138
33.58 137
33.59 135
33.6 135
33.61 137
33.62 137
33.63 135
33.64 135
33.65 137
33.66 137
33.67 136
33.68 136
33.69 139
33.7 139
33.71 138
33.72 135
33.73 137
33.74 139
33.75 138
33.76 137
33.77 138
33.78 139
33.79 138
33.8 136
33.81 135
33.82 136
33.83 138
33.84 136
33.85 134
33.86 136
33.87 137
33.88 134
33.89 134
33.9 136
33.91 138
33.92 137
33.93 135
33.94 136
33.95 135
33.96 134
33.97 135
33.98 136
33.99 138
34.0 137
34.01 136
34.02 136
34.03 138
34.04 138
34.05 134
34.06 135
34.07 135
34.08 135
34.09 136
34.1 134
34.11 135
34.12 137
34.13 137
34.14 135
34.15 136
34.16 138
34.17 137
34.18 137
34.19 137
34.2 138
34.21 139
34.22 137
34.23 136
34.24 137
34.25 139
34.26 139
34.27 137
34.28 136
34.29 136
34.3 137
34.31 137
34.32 135
34.33 136
34.34 138
34.35 138
34.36 138
34.37 137
34.38 136
34.39 137
34.4 136
34.41 136
34.42 135
34.43 135
34.44 136
34.45 134
34.46 135
34.47 135
34.48 137
34.49 136
34.5 136
34.51 137
34.52 138
34.53 137
34.54 135
34.55 136
34.56 137
34.57 137
34.58 136
34.59 135
34.6 137
34.61 137
34.62 137
34.63 137
34.64 138
34.65 138
34.66 137
34.67 135
34.68 135
34.69 137
34.7 136
34.71 135
34.72 137
34.73 139
34.74 138
34.75 136
34.76 137
34.77 136
34.78 137
34.79 136
34.8 136
34.81 137
34.82 138
34.83 136
34.84 135
34.85 136
34.86 138
34.87 135
34.88 135
34.89 135
34.9 137
34.91 136
34.92 136
34.93 136
34.94 138
34.95 138
34.96 135
34.97 136
34.98 138
34.99 138
35.0 137
35.01 137
35.02 137
35.03 138
35.04 137
35.05 136
35.06 136
35.07 137
35.08 137
35.09 136
35.1 135
35.11 137
35.12 135
35.13 133
35.14 132
35.15 136
35.16 135
35.17 136
35.18 136
35.19 136
35.2 134
35.21 134
35.22 137
35.23 136
35.24 135
35.25 135
35.26 136
35.27 137
35.28 136
35.29 135
35.3 137
35.31 138
35.32 136
35.33 136
35.34 138
35.35 139
35.36 138
35.37 138
35.38 138
35.39 139
35.4 138
35.41 136
35.42 135
35.43 137
35.44 137
35.45 135
35.46 136
35.47 138
35.48 139
35.49 136
35.5 135
35.51 137
35.52 137
35.53 135
35.54 135
35.55 136
35.56 137
35.57 137
35.58 136
35.59 135
35.6 136
35.61 136
35.62 136
35.63 135
35.64 136
35.65 136
35.66 136
35.67 136
35.68 137
35.69 139
35.7 137
35.71 136
35.72 137
35.73 137
35.74 137
35.75 136
35.76 136
35.77 137
35.78 137
35.79 136
35.8 136
35.81 138
35.82 138
35.83 135
35.84 135
35.85 136
35.86 137
35.87 135
35.88 135
35.89 134
35.9 136
35.91 136
35.92 135
35.93 135
35.94 136
35.95 137
35.96 136
35.97 133
35.98 133
35.99 133
36.0 133
36.01 135
36.02 137
36.03 139
36.04 136
36.05 136
36.06 139
36.07 138
36.08 137
36.09 136
36.1 137
36.11 137
36.12 137
36.13 136
36.14 136
36.15 137
36.16 138
36.17 135
36.18 136
36.19 137
36.2 138
36.21 135
36.22 136
36.23 136
36.24 136
36.25 136
36.26 136
36.27 136
36.28 138
36.29 137
36.3 136
36.31 136
36.32 139
36.33 138
36.34 136
36.35 136
36.36 136
36.37 137
36.38 136
36.39 135
36.4 138
36.41 139
36.42 137
36.43 137
36.44 137
36.45 139
36.46 137
36.47 136
36.48 136
36.49 138
36.5 138
36.51 137
36.52 136
36.53 138
36.54 138
36.55 137
36.56 135
36.57 137
36.58 138
36.59 136
36.6 135
36.61 135
36.62 136
36.63 136
36.64 135
36.65 134
36.66 136
36.67 136
36.68 135
36.69 135
36.7 136
36.71 137
36.72 136
36.73 137
36.74 137
36.75 138
36.76 138
36.77 136
36.78 137
36.79 138
36.8 138
36.81 136
36.82 135
36.83 136
36.84 137
36.85 137
36.86 136
36.87 137
36.88 137
36.89 137
36.9 135
36.91 136
36.92 138
36.93 137
36.94 135
36.95 136
36.96 136
36.97 137
36.98 136
36.99 134
37.0 136
37.01 136
37.02 136
37.03 136
37.04 138
37.05 138
37.06 137
37.07 137
37.08 138
37.09 139
37.1 138
37.11 137
37.12 137
37.13 138
37.14 138
37.15 136
37.16 136
37.17 138
37.18 138
37.19 136
37.2 137
37.21 139
37.22 138
37.23 136
37.24 136
37.25 137
37.26 137
37.27 136
37.28 136
37.29 137
37.3 137
37.31 136
37.32 136
37.33 136
37.34 139
37.35 137
37.36 136
37.37 138
37.38 138
37.39 138
37.4 137
37.41 134
37.42 137
37.43 138
37.44 136
37.45 135
37.46 135
37.47 137
37.48 139
37.49 137
37.5 136
37.51 136
37.52 138
37.53 138
37.54 136
37.55 137
37.56 139
37.57 138
37.58 136
37.59 135
37.6 137
37.61 138
37.62 138
37.63 134
37.64 136
37.65 138
37.66 139
37.67 137
37.68 137
37.69 136
37.7 138
37.71 136
37.72 136
37.73 136
37.74 139
37.75 138
37.76 136
37.77 136
37.78 139
37.79 140
37.8 138
37.81 136
37.82 136
37.83 138
37.84 137
37.85 136
37.86 136
37.87 138
37.88 139
37.89 137
37.9 137
37.91 137
37.92 137
37.93 137
37.94 137
37.95 136
37.96 137
37.97 138
37.98 138
37.99 137
38.0 137
38.01 139
38.02 139
38.03 138
38.04 135
38.05 136
38.06 139
38.07 138
38.08 136
38.09 136
38.1 137
38.11 136
38.12 135
38.13 135
38.14 136
38.15 139
38.16 137
38.17 136
38.18 136
38.19 137
38.2 138
38.21 138
38.22 135
38.23 136
38.24 138
38.25 139
38.26 136
38.27 137
38.28 138
38.29 138
38.3 138
38.31 137
38.32 137
38.33 139
38.34 138
38.35 136
38.36 135
38.37 136
38.38 138
38.39 136
38.4 136
38.41 135
38.42 137
38.43 136
38.44 135
38.45 135
38.46 137
38.47 139
38.48 137
38.49 137
38.5 137
38.51 138
38.52 138
38.53 137
38.54 137
38.55 138
38.56 139
38.57 138
38.58 137
38.59 137
38.6 138
38.61 138
38.62 138
38.63 136
38.64 138
38.65 139
38.66 139
38.67 137
38.68 136
38.69 137
38.7 138
38.71 137
38.72 137
38.73 138
38.74 139
38.75 138
38.76 135
38.77 136
38.78 138
38.79 137
38.8 136
38.81 134
38.82 134
38.83 137
38.84 134
38.85 134
38.86 135
38.87 136
38.88 133
38.89 134
38.9 136
38.91 137
38.92 136
38.93 136
38.94 136
38.95 136
38.96 134
38.97 135
38.98 137
38.99 136
39.0 136
39.01 136
39.02 138
39.03 137
39.04 136
39.05 137
39.06 137
39.07 137
39.08 137
39.09 137
39.1 137
39.11 136
39.12 137
39.13 138
39.14 136
39.15 134
39.16 135
39.17 137
39.18 136
39.19 135
39.2 136
39.21 136
39.22 134
39.23 133
39.24 135
39.25 136
39.26 134
39.27 133
39.28 135
39.29 137
39.3 136
39.31 136
39.32 135
39.33 135
39.34 135
39.35 136
39.36 137
39.37 136
39.38 134
39.39 136
39.4 137
39.41 137
39.42 137
39.43 137
39.44 136
39.45 135
39.46 134
39.47 136
39.48 136
39.49 136
39.5 136
39.51 137
39.52 135
39.53 135
39.54 133
39.55 135
39.56 134
39.57 134
39.58 135
39.59 135
39.6 135
39.61 134
39.62 135
39.63 138
39.64 136
39.65 136
39.66 138
39.67 138
39.68 136
39.69 136
39.7 137
39.71 137
39.72 135
39.73 136
39.74 137
39.75 137
39.76 135
39.77 136
39.78 137
39.79 136
39.8 136
39.81 137
39.82 137
39.83 136
39.84 135
39.85 135
39.86 136
39.87 136
39.88 136
39.89 136
39.9 136
39.91 135
39.92 135
39.93 137
39.94 137
39.95 135
39.96 134
39.97 135
39.98 136
39.99 135
40.0 136
40.01 136
40.02 135
40.03 136
40.04 137
40.05 138
40.06 137
40.07 136
40.08 136
40.09 136
40.1 136
40.11 135
40.12 136
40.13 136
40.14 137
40.15 137
40.16 138
40.17 138
40.18 135
40.19 135
40.2 134
40.21 135
40.22 134
40.23 134
40.24 136
40.25 133
40.26 133
40.27 134
40.28 136
40.29 135
40.3 135
40.31 137
40.32 138
40.33 135
40.34 135
40.35 137
40.36 136
40.37 136
40.38 135
40.39 137
40.4 137
40.41 135
40.42 135
40.43 136
40.44 136
40.45 136
40.46 137
40.47 138
40.48 137
40.49 135
40.5 137
40.51 137
40.52 135
40.53 135
40.54 136
40.55 136
40.56 135
40.57 135
40.58 134
40.59 136
40.6 136
40.61 136
40.62 138
40.63 136
40.64 135
40.65 134
40.66 136
40.67 137
40.68 136
40.69 135
40.7 135
40.71 136
40.72 134
40.73 136
40.74 137
40.75 136
40.76 135
40.77 137
40.78 137
40.79 137
40.8 137
40.81 138
40.82 138
40.83 131
40.84 132
40.85 130
40.86 134
40.87 135
40.88 135
40.89 136
40.9 138
40.91 138
40.92 136
40.93 137
40.94 138
40.95 139
40.96 136
40.97 136
40.98 138
40.99 138
41.0 135
41.01 136
41.02 138
41.03 136
41.04 134
41.05 136
41.06 136
41.07 135
41.08 135
41.09 137
41.1 137
41.11 136
41.12 137
41.13 138
41.14 137
41.15 136
41.16 137
41.17 139
41.18 137
41.19 136
41.2 136
41.21 138
41.22 138
41.23 136
41.24 136
41.25 137
41.26 138
41.27 136
41.28 137
41.29 138
41.3 137
41.31 137
41.32 135
41.33 137
41.34 138
41.35 138
41.36 137
41.37 136
41.38 136
41.39 135
41.4 136
41.41 136
41.42 137
41.43 135
41.44 134
41.45 136
41.46 135
41.47 136
41.48 136
41.49 137
41.5 135
41.51 135
41.52 134
41.53 135
41.54 137
41.55 137
41.56 135
41.57 137
41.58 138
41.59 135
41.6 136
41.61 136
41.62 137
41.63 136
41.64 137
41.65 137
41.66 135
41.67 135
41.68 138
41.69 137
41.7 135
41.71 136
41.72 138
41.73 137
41.74 136
41.75 136
41.76 137
41.77 136
41.78 136
41.79 135
41.8 136
41.81 135
41.82 135
41.83 135
41.84 135
41.85 135
41.86 135
41.87 137
41.88 136
41.89 135
41.9 135
41.91 137
41.92 137
41.93 136
41.94 136
41.95 137
41.96 136
41.97 136
41.98 138
41.99 139
42.0 136
42.01 137
42.02 137
42.03 137
42.04 136
42.05 138
42.06 138
42.07 136
42.08 136
42.09 138
42.1 138
42.11 136
42.12 136
42.13 137
42.14 139
42.15 137
42.16 137
42.17 138
42.18 137
42.19 137
42.2 136
42.21 136
42.22 138
42.23 137
42.24 136
42.25 135
42.26 137
42.27 138
42.28 137
42.29 134
42.3 135
42.31 139
42.32 139
42.33 138
42.34 138
42.35 138
42.36 139
42.37 138
42.38 137
42.39 136
42.4 138
42.41 138
42.42 137
42.43 137
42.44 139
42.45 138
42.46 138
42.47 137
42.48 137
42.49 138
42.5 138
42.51 137
42.52 137
42.53 137
42.54 137
42.55 138
42.56 138
42.57 138
42.58 139
42.59 139
42.6 138
42.61 137
42.62 138
42.63 139
42.64 138
42.65 138
42.66 137
42.67 138
42.68 138
42.69 137
42.7 137
42.71 137
42.72 137
42.73 138
42.74 138
42.75 137
42.76 137
42.77 138
42.78 138
42.79 136
42.8 136
42.81 138
42.82 137
42.83 137
42.84 137
42.85 137
42.86 137
42.87 137
42.88 136
42.89 137
42.9 140
42.91 140
42.92 137
42.93 137
42.94 138
42.95 139
42.96 138
42.97 139
42.98 138
42.99 141
43.0 140
43.01 138
43.02 139
43.03 140
43.04 140
43.05 141
43.06 138
43.07 138
43.08 139
43.09 138
43.1 138
43.11 137
43.12 138
43.13 137
43.14 138
43.15 137
43.16 137
43.17 137
43.18 139
43.19 136
43.2 136
43.21 136
43.22 137
43.23 137
43.24 136
43.25 135
43.26 137
43.27 138
43.28 137
43.29 135
43.3 137
43.31 137
43.32 137
43.33 136
43.34 136
43.35 138
43.36 138
43.37 135
43.38 136
43.39 137
43.4 138
43.41 136
43.42 135
43.43 136
43.44 138
43.45 138
43.46 137
43.47 135
43.48 137
43.49 137
43.5 136
43.51 136
43.52 136
43.53 137
43.54 135
43.55 135
43.56 136
43.57 138
43.58 137
43.59 137
43.6 136
43.61 137
43.62 136
43.63 134
43.64 136
43.65 138
43.66 138
43.67 136
43.68 135
43.69 138
43.7 138
43.71 138
43.72 137
43.73 139
43.74 138
43.75 138
43.76 136
43.77 137
43.78 138
43.79 138
43.8 137
43.81 138
43.82 139
43.83 138
43.84 138
43.85 137
43.86 138
43.87 139
43.88 137
43.89 136
43.9 138
43.91 138
43.92 137
43.93 136
43.94 138
43.95 137
43.96 138
43.97 137
43.98 137
43.99 138
44.0 138
44.01 137
44.02 137
44.03 136
44.04 138
44.05 136
44.06 137
44.07 138
44.08 138
44.09 137
44.1 135
44.11 136
44.12 137
44.13 137
44.14 135
44.15 136
44.16 138
44.17 137
44.18 135
44.19 135
44.2 137
44.21 138
44.22 137
44.23 136
44.24 138
44.25 139
44.26 137
44.27 136
44.28 136
44.29 138
44.3 137
44.31 136
44.32 137
44.33 139
44.34 139
44.35 138
44.36 137
44.37 138
44.38 139
44.39 136
44.4 134
44.41 136
44.42 137
44.43 137
44.44 136
44.45 136
44.46 138
44.47 137
44.48 137
44.49 137
44.5 138
44.51 138
44.52 137
44.53 136
44.54 137
44.55 139
44.56 137
44.57 136
44.58 138
44.59 139
44.6 138
44.61 137
44.62 137
44.63 138
44.64 139
44.65 136
44.66 137
44.67 138
44.68 138
44.69 137
44.7 136
44.71 138
44.72 139
44.73 138
44.74 137
44.75 138
44.76 139
44.77 137
44.78 136
44.79 135
44.8 137
44.81 138
44.82 137
44.83 136
44.84 137
44.85 137
44.86 137
44.87 136
44.88 136
44.89 137
44.9 136
44.91 136
44.92 136
44.93 138
44.94 136
44.95 136
44.96 135
44.97 136
44.98 137
44.99 136
45.0 135
45.01 137
45.02 138
45.03 137
45.04 135
45.05 137
45.06 138
45.07 137
45.08 136
45.09 136
45.1 137
45.11 137
45.12 136
45.13 136
45.14 138
45.15 138
45.16 135
45.17 135
45.18 138
45.19 137
45.2 137
45.21 137
45.22 137
45.23 137
45.24 136
45.25 135
45.26 136
45.27 138
45.28 137
45.29 136
45.3 137
45.31 138
45.32 137
45.33 136
45.34 137
45.35 138
45.36 138
45.37 137
45.38 137
45.39 138
45.4 138
45.41 136
45.42 135
45.43 137
45.44 137
45.45 135
45.46 135
45.47 136
45.48 138
45.49 137
45.5 136
45.51 135
45.52 137
45.53 137
45.54 136
45.55 136
45.56 138
45.57 138
45.58 137
45.59 137
45.6 136
45.61 138
45.62 137
45.63 137
45.64 136
45.65 138
45.66 137
45.67 136
45.68 137
45.69 137
45.7 128
45.71 131
45.72 133
45.73 138
45.74 134
45.75 135
45.76 138
45.77 136
45.78 135
45.79 137
45.8 137
45.81 135
45.82 136
45.83 136
45.84 136
45.85 135
45.86 137
45.87 138
45.88 136
45.89 135
45.9 137
45.91 138
45.92 138
45.93 137
45.94 136
45.95 137
45.96 138
45.97 135
45.98 136
45.99 137
46.0 138
46.01 138
46.02 137
46.03 137
46.04 139
46.05 139
46.06 137
46.07 137
46.08 137
46.09 139
46.1 138
46.11 136
46.12 137
46.13 138
46.14 139
46.15 139
46.16 137
46.17 138
46.18 140
46.19 138
46.2 138
46.21 137
46.22 138
46.23 138
46.24 138
46.25 136
46.26 137
46.27 138
46.28 136
46.29 136
46.3 136
46.31 138
46.32 138
46.33 136
46.34 134
46.35 137
46.36 138
46.37 137
46.38 136
46.39 137
46.4 137
46.41 138
46.42 137
46.43 136
46.44 138
46.45 139
46.46 138
46.47 136
46.48 137
46.49 139
46.5 137
46.51 137
46.52 137
46.53 139
46.54 139
46.55 139
46.56 136
46.57 137
46.58 139
46.59 138
46.6 138
46.61 137
46.62 138
46.63 139
46.64 138
46.65 137
46.66 139
46.67 141
46.68 139
46.69 136
46.7 136
46.71 138
46.72 137
46.73 137
46.74 135
46.75 138
46.76 138
46.77 139
46.78 137
46.79 138
46.8 139
46.81 138
46.82 136
46.83 137
46.84 138
46.85 138
46.86 138
46.87 137
46.88 137
46.89 138
46.9 138
46.91 136
46.92 137
46.93 137
46.94 138
46.95 138
46.96 137
46.97 137
46.98 137
46.99 138
47.0 136
47.01 136
47.02 136
47.03 136
47.04 137
47.05 136
47.06 137
47.07 138
47.08 137
47.09 135
47.1 135
47.11 137
47.12 136
47.13 137
47.14 138
47.15 137
47.16 138
47.17 137
47.18 136
47.19 136
47.2 138
47.21 139
47.22 136
47.23 137
47.24 138
47.25 139
47.26 138
47.27 137
47.28 136
47.29 139
47.3 139
47.31 137
47.32 135
47.33 136
47.34 138
47.35 138
47.36 137
47.37 137
47.38 139
47.39 138
47.4 137
47.41 136
47.42 136
47.43 138
47.44 137
47.45 136
47.46 135
47.47 137
47.48 139
47.49 138
47.5 137
47.51 137
47.52 139
47.53 139
47.54 137
47.55 136
47.56 137
47.57 138
47.58 137
47.59 136
47.6 138
47.61 139
47.62 139
47.63 136
47.64 136
47.65 137
47.66 139
47.67 139
47.68 136
47.69 137
47.7 138
47.71 140
47.72 138
47.73 137
47.74 136
47.75 136
47.76 137
47.77 136
47.78 136
47.79 139
47.8 139
47.81 135
47.82 135
47.83 135
47.84 137
47.85 137
47.86 136
47.87 135
47.88 138
47.89 138
47.9 136
47.91 136
47.92 136
47.93 138
47.94 138
47.95 137
47.96 138
47.97 138
47.98 140
47.99 138
48.0 137
48.01 137
48.02 138
48.03 137
48.04 136
48.05 137
48.06 138
48.07 140
48.08 138
48.09 136
48.1 136
48.11 138
48.12 137
48.13 135
48.14 136
48.15 139
48.16 138
48.17 136
48.18 136
48.19 136
48.2 138
48.21 136
48.22 135
48.23 135
48.24 137
48.25 138
48.26 137
48.27 135
48.28 136
48.29 137
48.3 138
48.31 136
48.32 137
48.33 137
48.34 138
48.35 138
48.36 137
48.37 136
48.38 139
48.39 139
48.4 137
48.41 137
48.42 138
48.43 139
48.44 138
48.45 138
48.46 138
48.47 138
48.48 139
48.49 136
48.5 136
48.51 139
48.52 138
48.53 137
48.54 136
48.55 137
48.56 139
48.57 138
48.58 137
48.59 138
48.6 137
48.61 137
48.62 137
48.63 136
48.64 137
48.65 140
48.66 139
48.67 138
48.68 136
48.69 137
48.7 137
48.71 137
48.72 137
48.73 136
48.74 137
48.75 138
48.76 137
48.77 136
48.78 138
48.79 137
48.8 136
48.81 137
48.82 137
48.83 138
48.84 136
48.85 136
48.86 136
48.87 137
48.88 136
48.89 136
48.9 136
48.91 138
48.92 137
48.93 135
48.94 137
48.95 139
48.96 138
48.97 136
48.98 136
48.99 138
49.0 136
49.01 137
49.02 137
49.03 137
49.04 137
49.05 136
49.06 136
49.07 136
49.08 137
49.09 136
49.1 136
49.11 138
49.12 138
49.13 135
49.14 135
49.15 137
49.16 139
49.17 137
49.18 137
49.19 138
49.2 139
49.21 138
49.22 137
49.23 138
49.24 138
49.25 138
49.26 136
49.27 136
49.28 137
49.29 137
49.3 135
49.31 136
49.32 137
49.33 137
49.34 134
49.35 136
49.36 136
49.37 138
49.38 137
49.39 136
49.4 137
49.41 138
49.42 137
49.43 136
49.44 136
49.45 139
49.46 137
49.47 138
49.48 138
49.49 137
49.5 137
49.51 137
49.52 138
49.53 139
49.54 138
49.55 137
49.56 136
49.57 138
49.58 138
49.59 138
49.6 137
49.61 138
49.62 138
49.63 137
49.64 136
49.65 137
49.66 137
49.67 136
49.68 136
49.69 137
49.7 137
49.71 136
49.72 136
49.73 134
49.74 136
49.75 135
49.76 136
49.77 138
49.78 137
49.79 136
49.8 135
49.81 137
49.82 139
49.83 138
49.84 138
49.85 139
49.86 140
49.87 139
49.88 138
49.89 136
49.9 137
49.91 138
49.92 137
49.93 136
49.94 138
49.95 137
49.96 135
49.97 135
49.98 138
49.99 137
50.0 137
50.01 136
50.02 136
50.03 137
50.04 135
50.05 134
50.06 134
50.07 137
50.08 137
50.09 134
50.1 135
50.11 136
50.12 137
50.13 136
50.14 136
50.15 138
50.16 138
50.17 137
50.18 137
50.19 138
50.2 139
50.21 138
50.22 138
50.23 138
50.24 138
50.25 135
50.26 136
50.27 138
50.28 137
50.29 136
50.3 136
50.31 136
50.32 137
50.33 136
50.34 136
50.35 137
50.36 136
50.37 138
50.38 136
50.39 137
50.4 138
50.41 137
50.42 136
50.43 136
50.44 138
50.45 137
50.46 135
50.47 134
50.48 137
50.49 138
50.5 136
50.51 137
50.52 139
50.53 139
50.54 137
50.55 137
50.56 137
50.57 138
50.58 136
50.59 136
50.6 134
50.61 132
50.62 134
50.63 136
50.64 137
50.65 138
50.66 139
50.67 138
50.68 136
50.69 137
50.7 138
50.71 140
50.72 139
50.73 135
50.74 135
50.75 136
50.76 136
50.77 140
50.78 137
50.79 135
50.8 134
50.81 135
50.82 137
50.83 139
50.84 138
50.85 137
50.86 136
50.87 137
50.88 138
50.89 140
50.9 140
50.91 137
50.92 136
50.93 136
50.94 137
50.95 138
50.96 138
50.97 137
50.98 136
50.99 137
51.0 138
51.01 138
51.02 138
51.03 136
51.04 136
51.05 137
51.06 138
51.07 140
51.08 138
51.09 135
51.1 134
51.11 135
51.12 137
51.13 137
51.14 137
51.15 136
51.16 135
51.17 137
51.18 140
51.19 139
51.2 138
51.21 138
51.22 137
51.23 138
51.24 139
51.25 138
51.26 138
51.27 137
51.28 136
51.29 138
51.3 138
51.31 138
51.32 138
51.33 135
51.34 135
51.35 136
51.36 139
51.37 138
51.38 137
51.39 135
51.4 135
51.41 136
51.42 137
51.43 138
51.44 137
51.45 136
51.46 137
51.47 137
51.48 138
51.49 140
51.5 137
51.51 136
51.52 138
51.53 139
51.54 140
51.55 141
51.56 139
51.57 138
51.58 140
51.59 141
51.6 141
51.61 140
51.62 137
51.63 136
51.64 136
51.65 137
51.66 139
51.67 140
51.68 138
51.69 137
51.7 137
51.71 138
51.72 140
51.73 139
51.74 139
51.75 138
51.76 138
51.77 139
51.78 140
51.79 141
51.8 141
51.81 139
51.82 139
51.83 140
51.84 141
51.85 139
51.86 139
51.87 138
51.88 138
51.89 140
51.9 139
51.91 138
51.92 137
51.93 136
51.94 136
51.95 138
51.96 139
51.97 138
51.98 136
51.99 136
52.0 139
52.01 141
52.02 140
52.03 138
52.04 137
52.05 137
52.06 138
52.07 140
52.08 137
52.09 137
52.1 137
52.11 138
52.12 140
52.13 141
52.14 139
52.15 137
52.16 137
52.17 138
52.18 139
52.19 139
52.2 137
52.21 137
52.22 136
52.23 138
52.24 139
52.25 135
52.26 136
52.27 136
52.28 135
52.29 138
52.3 137
52.31 136
52.32 136
52.33 136
52.34 139
52.35 140
52.36 139
52.37 136
52.38 136
52.39 137
52.4 136
52.41 138
52.42 137
52.43 136
52.44 137
52.45 137
52.46 138
52.47 138
52.48 137
52.49 136
52.5 137
52.51 137
52.52 138
52.53 140
52.54 135
52.55 135
52.56 135
52.57 138
52.58 138
52.59 138
52.6 135
52.61 135
52.62 137
52.63 137
52.64 137
52.65 137
52.66 135
52.67 136
52.68 138
52.69 139
52.7 139
52.71 138
52.72 138
52.73 139
52.74 139
52.75 139
52.76 138
52.77 137
52.78 138
52.79 137
