#Press Ctrl-C to quit...
#channel one minus channel two
0 -12
0.1 -27
0.2 -23
0.3 -16
0.4 -33
0.5 -9
0.6 -33
0.7 -15
0.8 -25
0.9 -25
1.0 -14
1.1 -34
1.2 -10
1.3 -32
1.4 -17
1.5 -23
1.6 -27
1.7 -12
1.8 -34
1.9 -13
2.0 -25
2.1 -25
2.2 -15
2.3 -33
2.4 -10
2.5 -32
2.6 -15
2.7 -22
2.8 -28
2.9 -11
3.0 -35
3.1 -10
3.2 -30
3.3 -19
3.4 -19
3.5 -31
3.6 -10
3.7 -35
3.8 -10
3.9 -30
4.0 -21
4.1 -16
4.2 -34
4.3 -5
4.4 -38
4.5 -8
4.6 -29
4.7 -29
4.8 -4
4.9 -39
5.0 -16
5.1 -12
5.2 -43
5.3 -8
5.4 -20
5.5 -42
5.6 1
5.7 -32
5.8 -32
5.9 3
6.0 -46
6.1 778
6.2 932
6.3 17320
6.4 19427
6.5 23851
6.6 28369
6.7 32108
6.8 32767
6.9 32767
7.0 32767
7.1 32499
7.2 31327
7.3 30123
7.4 28969
7.5 27824
7.6 26786
7.7 25810
7.8 24873
7.9 24029
8.0 23259
8.1 22522
8.2 21882
8.3 21256
8.4 20677
8.5 20158
8.6 19641
8.7 19178
8.8 18737
8.9 18305
9.0 17928
9.1 17557
9.2 17189
9.3 16877
9.4 16550
9.5 16243
9.6 15977
9.7 15689
9.8 15420
9.9 15190
10.0 14921
10.1 14704
10.2 14488
10.3 14251
10.4 14067
10.5 13857
10.6 13655
10.7 13484
10.8 13279
10.9 13110
11.0 12943
11.1 12758
11.2 12608
11.3 12444
11.4 12274
11.5 12141
11.6 11978
11.7 11836
11.8 11709
11.9 11549
12.0 11430
12.1 11301
12.2 11159
12.3 11055
12.4 10919
12.5 10798
12.6 10704
12.7 10567
12.8 10468
12.9 10369
13.0 10242
13.1 10154
13.2 10056
13.3 9939
13.4 9867
13.5 9764
13.6 9657
13.7 9588
13.8 9483
13.9 9397
14.0 9329
14.1 9220
14.2 9149
14.3 9078
14.4 8976
14.5 8922
14.6 8840
14.7 8750
14.8 8699
14.9 8611
15.0 8539
15.1 8486
15.2 8395
15.3 8340
15.4 8279
15.5 8188
15.6 8149
15.7 8071
15.8 8004
15.9 7968
16.0 7885
16.1 7834
16.2 7786
16.3 7707
16.4 7669
16.5 7605
16.6 7539
16.7 7508
16.8 7434
16.9 7388
17.0 7352
17.1 7277
17.2 7246
17.3 7196
17.4 7132
17.5 7109
17.6 7044
17.7 6998
17.8 6975
17.9 6905
18.0 6875
18.1 6840
18.2 6776
18.3 6753
18.4 6714
18.5 6651
18.6 6639
18.7 6588
18.8 6541
18.9 6520
19.0 6462
19.1 6431
19.2 6407
19.3 6350
19.4 6325
19.5 6297
19.6 6238
19.7 6230
19.8 6186
19.9 6143
20.0 6131
20.1 6079
20.2 6055
20.3 6035
20.4 5977
20.5 5966
20.6 5937
20.7 5886
20.8 5881
20.9 5832
21.0 5806
21.1 5793
21.2 5741
21.3 5726
21.4 5704
21.5 5654
21.6 5655
21.7 5612
21.8 5578
21.9 5577
22.0 5525
22.1 5510
22.2 5496
22.3 5446
22.4 5441
22.5 5410
22.6 5371
22.7 5374
22.8 5329
22.9 5307
23.0 5298
23.1 5252
23.2 5240
23.3 5230
23.4 5180
23.5 5178
23.6 5154
23.7 5111
23.8 5113
23.9 5084
24.0 5043
24.1 5049
24.2 5009
24.3 4992
24.4 4988
24.5 4940
24.6 4936
24.7 4922
24.8 4877
24.9 4884
25.0 4854
25.1 4822
25.2 4831
25.3 4787
25.4 4772
25.5 4769
25.6 4721
25.7 4724
25.8 4705
25.9 4667
26.0 4675
26.1 4638
26.2 4619
26.3 4626
26.4 4580
26.5 4577
26.6 4566
26.7 4525
26.8 4528
26.9 4504
27.0 4476
27.1 4480
27.2 4447
27.3 4434
27.4 4437
27.5 4391
27.6 4395
27.7 4377
27.8 4340
27.9 4355
28.0 4319
28.1 4302
28.2 4310
28.3 4275
28.4 4260
28.5 4255
28.6 4220
28.7 4234
28.8 4192
28.9 4200
29.0 4178
29.1 4156
29.2 4158
29.3 4117
29.4 4133
29.5 4089
29.6 4093
29.7 4074
29.8 4050
29.9 4058
30.0 4016
30.1 4035
30.2 3994
30.3 3992
30.4 3980
30.5 3953
30.6 3966
30.7 3923
30.8 3937
30.9 3904
31.0 3896
31.1 3898
31.2 3856
31.3 3878
31.4 3837
31.5 3845
31.6 3826
31.7 3803
31.8 3818
31.9 3773
32.0 3780
32.1 3770
32.2 3734
32.3 3756
32.4 3727
32.5 3703
32.6 3724
32.7 3678
32.8 3677
32.9 3688
33.0 3641
33.1 3656
33.2 3645
33.3 3611
33.4 3630
33.5 3598
33.6 3581
33.7 3599
33.8 3556
33.9 3558
34.0 3564
34.1 3523
34.2 3534
34.3 3521
34.4 3492
34.5 3510
34.6 3476
34.7 3466
34.8 3480
34.9 3439
35.0 3446
35.1 3444
35.2 3406
35.3 3429
35.4 3400
35.5 3382
35.6 3399
35.7 3361
35.8 3364
35.9 3366
36.0 3329
36.1 3346
36.2 3330
36.3 3303
36.4 3323
36.5 3291
36.6 3281
36.7 3297
36.8 3255
36.9 3267
37.0 3260
37.1 3228
37.2 3250
37.3 3225
37.4 3205
37.5 3224
37.6 3189
37.7 3188
37.8 3196
37.9 3159
38.0 3167
38.1 3162
38.2 3126
38.3 3150
38.4 3126
38.5 3106
38.6 3128
38.7 3089
38.8 3097
38.9 3100
39.0 3062
39.1 3082
39.2 3064
39.3 3043
39.4 3064
39.5 3028
39.6 3026
39.7 3039
39.8 2997
39.9 3013
40.0 3006
40.1 2973
40.2 2994
40.3 2969
40.4 2958
40.5 2977
40.6 2943
40.7 2944
40.8 2954
40.9 2915
41.0 2934
41.1 2920
41.2 2892
41.3 2915
41.4 2888
41.5 2875
41.6 2896
41.7 2863
41.8 2860
41.9 2872
42.0 2836
42.1 2847
42.2 2845
42.3 2808
42.4 2837
42.5 2813
42.6 2792
42.7 2817
42.8 2785
42.9 2778
43.0 2799
43.1 2758
43.2 2770
43.3 2771
43.4 2735
43.5 2759
43.6 2741
43.7 2724
43.8 2746
43.9 2712
44.0 2713
44.1 2722
44.2 2682
44.3 2705
44.4 2695
44.5 2669
44.6 2691
44.7 2665
44.8 2657
44.9 2675
45.0 2637
45.1 2647
45.2 2654
45.3 2616
45.4 2637
45.5 2625
45.6 2599
45.7 2628
45.8 2593
45.9 2587
46.0 2611
46.1 2572
46.2 2584
46.3 2586
46.4 2549
46.5 2571
46.6 2558
46.7 2536
46.8 2563
46.9 2535
47.0 2522
47.1 2544
47.2 2511
47.3 2513
47.4 2525
47.5 2487
47.6 2507
47.7 2501
47.8 2470
47.9 2501
48.0 2470
48.1 2466
48.2 2486
48.3 2447
48.4 2456
48.5 2464
48.6 2426
48.7 2454
48.8 2435
48.9 2414
49.0 2439
49.1 2409
49.2 2408
49.3 2423
49.4 2389
49.5 2401
49.6 2400
49.7 2371
49.8 2394
49.9 2374
50.0 2360
50.1 2384
50.2 2350
50.3 2352
50.4 2369
50.5 2332
50.6 2345
50.7 2349
50.8 2315
50.9 2336
51.0 2329
51.1 2303
51.2 2331
51.3 2303
51.4 2297
51.5 2316
51.6 2279
51.7 2291
51.8 2301
51.9 2265
52.0 2288
52.1 2282
52.2 2249
52.3 2278
52.4 2251
52.5 2246
52.6 2268
52.7 2231
52.8 2241
52.9 2249
53.0 2217
53.1 2243
53.2 2224
53.3 2205
53.4 2236
53.5 2203
53.6 2204
53.7 2217
53.8 2181
53.9 2203
54.0 2197
54.1 2166
54.2 2197
54.3 2170
54.4 2160
54.5 2185
54.6 2150
54.7 2160
54.8 2171
54.9 2135
55.0 2164
55.1 2150
55.2 2127
55.3 2155
55.4 2131
55.5 2117
55.6 2141
55.7 2109
55.8 2120
55.9 2124
56.0 2096
56.1 2125
56.2 2085
56.3 2112
56.4 2095
56.5 2085
56.6 2099
56.7 2064
56.8 2099
56.9 2059
57.0 2088
57.1 2068
57.2 2054
57.3 2079
57.4 2041
57.5 2074
57.6 2038
57.7 2050
57.8 2051
57.9 2029
58.0 2055
58.1 2016
58.2 2044
58.3 2019
58.4 2023
58.5 2033
58.6 2001
58.7 2033
58.8 1996
58.9 2016
59.0 2007
59.1 1988
59.2 2013
59.3 1987
59.4 1977
59.5 2006
59.6 1970
59.7 1982
59.8 1990
59.9 1957
60.0 1985
60.1 1975
60.2 1950
60.3 1980
60.4 1949
60.5 1950
60.6 1972
60.7 1934
60.8 1955
60.9 1953
61.0 1923
61.1 1956
61.2 1933
61.3 1922
61.4 1949
61.5 1915
61.6 1918
61.7 1935
61.8 1902
61.9 1923
62.0 1919
62.1 1890
62.2 1924
62.3 1895
62.4 1889
62.5 1916
62.6 1880
62.7 1889
62.8 1901
62.9 1868
63.0 1884
63.1 1891
63.2 1863
63.3 1886
63.4 1876
63.5 1854
63.6 1883
63.7 1852
63.8 1851
63.9 1877
64.0 1841
64.1 1855
64.2 1864
64.3 1833
64.4 1854
64.5 1855
64.6 1821
64.7 1854
64.8 1836
64.9 1819
65.0 1850
65.1 1817
65.2 1816
65.3 1845
65.4 1803
65.5 1823
65.6 1830
65.7 1795
65.8 1827
65.9 1811
66.0 1795
66.1 1825
66.2 1788
66.3 1795
66.4 1812
66.5 1779
66.6 1797
66.7 1804
66.8 1768
66.9 1799
67.0 1790
67.1 1766
67.2 1797
67.3 1769
67.4 1765
67.5 1793
67.6 1758
67.7 1766
67.8 1780
67.9 1743
68.0 1770
68.1 1765
68.2 1739
68.3 1768
68.4 1750
68.5 1740
68.6 1765
68.7 1728
68.8 1744
68.9 1755
69.0 1721
69.1 1738
69.2 1743
69.3 1712
69.4 1743
69.5 1728
69.6 1708
69.7 1739
69.8 1709
69.9 1712
70.0 1735
70.1 1696
70.2 1717
70.3 1721
70.4 1689
70.5 1719
70.6 1700
70.7 1684
70.8 1716
70.9 1681
71.0 1687
71.1 1706
71.2 1671
71.3 1693
71.4 1691
71.5 1663
71.6 1693
71.7 1670
71.8 1667
71.9 1690
72.0 1654
72.1 1676
72.2 1681
72.3 1645
72.4 1677
72.5 1665
72.6 1639
72.7 1674
72.8 1649
72.9 1643
73.0 1669
73.1 1638
73.2 1642
73.3 1665
73.4 1624
73.5 1634
73.6 1662
73.7 1624
73.8 1638
73.9 1650
74.0 1617
74.1 1650
74.2 1613
74.3 1637
74.4 1626
74.5 1615
74.6 1638
74.7 1602
74.8 1638
74.9 1599
75.0 1623
75.1 1617
75.2 1603
75.3 1629
75.4 1592
75.5 1622
75.6 1603
75.7 1601
75.8 1614
75.9 1584
76.0 1621
76.1 1582
76.2 1607
76.3 1597
76.4 1585
76.5 1611
76.6 1575
76.7 1606
76.8 1577
76.9 1588
77.0 1591
77.1 1570
77.2 1602
77.3 1570
77.4 1576
77.5 1595
77.6 1559
77.7 1584
77.8 1584
77.9 1551
78.0 1586
78.1 1573
78.2 1550
78.3 1586
78.4 1554
78.5 1557
78.6 1583
78.7 1542
78.8 1565
78.9 1570
79.0 1538
79.1 1571
79.2 1555
79.3 1537
79.4 1571
79.5 1540
79.6 1542
79.7 1565
79.8 1531
79.9 1548
80.0 1552
80.1 1522
80.2 1551
80.3 1539
80.4 1523
80.5 1556
80.6 1518
80.7 1530
80.8 1551
80.9 1509
81.0 1540
81.1 1536
81.2 1506
81.3 1535
81.4 1531
81.5 1502
81.6 1536
81.7 1516
81.8 1507
81.9 1537
82.0 1502
82.1 1511
82.2 1530
82.3 1493
82.4 1521
82.5 1515
82.6 1489
82.7 1524
82.8 1499
82.9 1493
83.0 1523
83.1 1487
83.2 1511
83.3 1494
83.4 1493
83.5 1512
83.6 1476
83.7 1511
83.8 1480
83.9 1499
84.0 1496
84.1 1477
84.2 1508
84.3 1468
84.4 1501
84.5 1475
84.6 1486
84.7 1494
84.8 1466
84.9 1498
85.0 1460
85.1 1489
85.2 1474
85.3 1468
85.4 1492
85.5 1454
85.6 1491
85.7 1457
85.8 1475
85.9 1474
86.0 1455
86.1 1488
86.2 1448
86.3 1477
86.4 1473
86.5 1446
86.6 1478
86.7 1456
86.8 1447
86.9 1482
87.0 1442
87.1 1460
87.2 1472
87.3 1434
87.4 1469
87.5 1461
87.6 1435
87.7 1473
87.8 1437
87.9 1444
88.0 1467
88.1 1429
88.2 1454
88.3 1457
88.4 1427
88.5 1462
88.6 1441
88.7 1428
88.8 1461
88.9 1426
89.0 1433
89.1 1457
89.2 1416
89.3 1445
89.4 1443
89.5 1413
89.6 1453
89.7 1428
89.8 1423
89.9 1453
90.0 1416
90.1 1431
90.2 1443
90.3 1407
90.4 1433
90.5 1435
90.6 1408
90.7 1440
90.8 1413
90.9 1415
91.0 1441
91.1 1403
91.2 1427
91.3 1428
91.4 1400
91.5 1433
91.6 1412
91.7 1405
91.8 1437
91.9 1397
92.0 1411
92.1 1428
92.2 1391
92.3 1422
92.4 1418
92.5 1385
92.6 1426
92.7 1406
92.8 1394
92.9 1424
93.0 1390
93.1 1396
93.2 1423
93.3 1385
93.4 1413
93.5 1408
93.6 1379
93.7 1415
93.8 1393
93.9 1381
94.0 1414
94.1 1384
94.2 1389
94.3 1410
94.4 1371
94.5 1397
94.6 1401
94.7 1368
94.8 1408
94.9 1380
95.0 1377
95.1 1406
95.2 1371
95.3 1383
95.4 1398
95.5 1362
95.6 1399
95.7 1381
95.8 1363
95.9 1401
96.0 1366
96.1 1375
96.2 1398
96.3 1356
96.4 1381
96.5 1383
96.6 1355
96.7 1386
96.8 1367
96.9 1352
97.0 1389
97.1 1356
97.2 1362
97.3 1385
97.4 1345
97.5 1373
97.6 1374
97.7 1339
97.8 1383
97.9 1366
98.0 1347
98.1 1381
98.2 1344
98.3 1349
98.4 1376
98.5 1333
98.6 1364
98.7 1360
98.8 1332
98.9 1369
99.0 1345
99.1 1339
99.2 1369
99.3 1332
99.4 1343
99.5 1360
99.6 1328
99.7 1359
99.8 1349
99.9 1323
100.0 1363
100.1 1335
100.2 1328
100.3 1358
100.4 1322
100.5 1334
100.6 1352
100.7 1316
100.8 1344
100.9 1344
101.0 1317
101.1 1352
101.2 1324
101.3 1325
101.4 1347
101.5 1310
101.6 1347
101.7 1311
101.8 1331
101.9 1329
102.0 1310
102.1 1342
102.2 1303
102.3 1336
102.4 1313
102.5 1317
102.6 1331
102.7 1300
102.8 1338
102.9 1302
103.0 1327
103.1 1317
103.2 1304
103.3 1330
103.4 1295
103.5 1329
103.6 1303
103.7 1314
103.8 1321
103.9 1294
104.0 1327
104.1 1288
104.2 1325
104.3 1303
104.4 1294
104.5 1329
104.6 1292
104.7 1300
104.8 1323
104.9 1287
105.0 1311
105.1 1318
105.2 1277
105.3 1317
105.4 1304
105.5 1282
105.6 1319
105.7 1293
105.8 1287
105.9 1318
106.0 1278
106.1 1307
106.2 1317
106.3 1275
106.4 1306
106.5 1301
106.6 1275
106.7 1314
106.8 1288
106.9 1277
107.0 1317
107.1 1277
107.2 1289
107.3 1307
107.4 1263
107.5 1297
107.6 1295
107.7 1266
107.8 1305
107.9 1275
108.0 1275
108.1 1307
108.2 1264
108.3 1284
108.4 1296
108.5 1263
108.6 1295
108.7 1283
108.8 1260
108.9 1298
109.0 1273
109.1 1269
109.2 1298
109.3 1259
109.4 1281
109.5 1290
109.6 1260
109.7 1295
109.8 1274
109.9 1255
110.0 1296
110.1 1260
110.2 1267
110.3 1293
110.4 1257
110.5 1274
110.6 1277
110.7 1256
110.8 1288
110.9 1249
111.0 1283
111.1 1265
111.2 1262
111.3 1283
111.4 1245
111.5 1285
111.6 1251
111.7 1268
111.8 1268
111.9 1250
112.0 1278
112.1 1240
112.2 1281
112.3 1249
112.4 1260
112.5 1271
112.6 1239
112.7 1280
112.8 1251
112.9 1270
113.0 1253
113.1 1251
113.2 1272
113.3 1235
113.4 1270
113.5 1259
113.6 1239
113.7 1274
113.8 1245
113.9 1242
114.0 1271
114.1 1239
114.2 1252
114.3 1265
114.4 1225
114.5 1260
114.6 1262
114.7 1227
114.8 1268
114.9 1242
115.0 1232
115.1 1263
115.2 1229
115.3 1245
115.4 1261
115.5 1224
115.6 1251
115.7 1250
115.8 1224
115.9 1261
116.0 1235
116.1 1229
116.2 1261
116.3 1222
116.4 1243
116.5 1252
116.6 1217
116.7 1254
116.8 1241
116.9 1221
117.0 1259
117.1 1232
117.2 1227
117.3 1254
117.4 1222
117.5 1236
117.6 1250
117.7 1213
117.8 1251
117.9 1237
118.0 1216
118.1 1253
118.2 1222
118.3 1221
118.4 1259
118.5 1217
118.6 1222
118.7 1265
118.8 1215
118.9 1228
119.0 1250
119.1 1210
119.2 1232
119.3 1237
119.4 1210
119.5 1244
119.6 1223
119.7 1219
119.8 1242
119.9 1204
120.0 1243
120.1 1214
120.2 1220
120.3 1237
120.4 1201
120.5 1243
120.6 1204
120.7 1239
120.8 1222
120.9 1213
121.0 1235
121.1 1200
121.2 1241
121.3 1207
121.4 1217
121.5 1228
121.6 1198
121.7 1241
121.8 1198
121.9 1226
122.0 1216
122.1 1207
122.2 1237
122.3 1194
122.4 1235
122.5 1215
122.6 1200
122.7 1239
122.8 1199
122.9 1206
123.0 1231
123.1 1188
123.2 1214
123.3 1227
123.4 1191
123.5 1226
123.6 1212
123.7 1192
123.8 1233
123.9 1210
124.0 1200
124.1 1231
124.2 1197
124.3 1205
124.4 1231
124.5 1186
124.6 1216
124.7 1217
124.8 1185
124.9 1226
125.0 1200
125.1 1190
125.2 1229
125.3 1193
125.4 1203
125.5 1225
125.6 1195
125.7 1213
125.8 1211
125.9 1180
126.0 1218
126.1 1201
126.2 1188
126.3 1221
126.4 1189
126.5 1195
126.6 1221
126.7 1182
126.8 1212
126.9 1210
127.0 1176
127.1 1215
127.2 1194
127.3 1184
127.4 1221
127.5 1181
127.6 1191
127.7 1219
127.8 1182
127.9 1201
128.0 1208
128.1 1171
128.2 1213
128.3 1197
128.4 1178
