#12/4/16 @ 3:15
# On RPI 3 w/ touchscreen
# Actual BG: 173

#Press Ctrl-C to quit...
#channel 0 minus channel 1
0 -48
0.1 38
0.2 0
0.3 -69
0.4 46
0.5 -16
0.6 -98
0.7 55
0.8 -14
0.9 -78
1.0 17
1.1 -47
1.2 -117
1.3 105
1.4 -6
1.5 -42
1.6 35
1.7 -17
1.8 -46
1.9 0
2.0 -16
2.1 27
2.2 -11
2.3 -27
2.4 30
2.5 -34
2.6 -41
2.7 -13
2.8 40
2.9 -8
3.0 -30
3.1 54
3.2 -13
3.3 -37
3.4 51
3.5 -11
3.6 -50
3.7 47
3.8 1
3.9 -46
4.0 44
4.1 -7
4.2 -63
4.3 43
4.4 148
4.5 -16
4.6 -51
4.7 -19
4.8 -25
4.9 14
5.0 12
5.1 -29
5.2 13
5.3 -7
5.4 -30
5.5 18
5.6 -43
5.7 -45
5.8 32
5.9 -20
6.0 -13
6.1 2
6.2 -55
6.3 -34
6.4 49
6.5 -52
6.6 -30
6.7 12
6.8 -40
6.9 -18
7.0 23
7.1 150
7.2 4
7.3 -1
7.4 -15
7.5 -2
7.6 15
7.7 56
7.8 -23
7.9 15
8.0 -17
8.1 -20
8.2 0
8.3 -41
8.4 -40
8.5 -65
8.6 -41
8.7 -49
8.8 72
8.9 -25
9.0 -59
9.1 54
9.2 -27
9.3 -58
9.4 42
9.5 -64
9.6 -65
9.7 33
9.8 -21
9.9 -75
10.0 41
10.1 -13
10.2 -44
10.3 -3
10.4 -7
10.5 -88
10.6 5
10.7 1
10.8 -72
10.9 36
11.0 -24
11.1 -175
11.2 -26
11.3 -17
11.4 -64
11.5 31
11.6 -13
11.7 -73
11.8 -8
11.9 0
12.0 -33
12.1 -3
12.2 -2
12.3 15
12.4 19
12.5 8
12.6 -47
12.7 -33
12.8 10
12.9 -37
13.0 -4
13.1 11
13.2 1
13.3 -9
13.4 9
13.5 -69
13.6 -6
13.7 0
13.8 -41
13.9 -5
14.0 -15
14.1 -66
14.2 3
14.3 -26
14.4 -32
14.5 6
14.6 19
14.7 -45
14.8 -2
14.9 -25
15.0 -72
15.1 2
15.2 -44
15.3 -46
15.4 6
15.5 -16
15.6 -53
15.7 42
15.8 -16
15.9 -42
16.0 7
16.1 -23
16.2 -51
16.3 11
16.4 -14
16.5 -32
16.6 -15
16.7 -18
16.8 -48
16.9 7
17.0 -15
17.1 -66
17.2 -5
17.3 -31
17.4 -52
17.5 10
17.6 20
17.7 -52
17.8 -45
17.9 -11
18.0 -62
18.1 9
18.2 -29
18.3 -75
18.4 -39
18.5 -5
18.6 -51
18.7 -62
18.8 -10
18.9 -68
19.0 -4
19.1 -18
19.2 -40
19.3 38
19.4 29
19.5 -78
19.6 12
19.7 51
19.8 -81
19.9 26
20.0 -13
20.1 -92
20.2 3
20.3 -8
20.4 -70
20.5 36
20.6 -21
20.7 -76
20.8 45
20.9 -8
21.0 -61
21.1 50
21.2 -17
21.3 -71
21.4 33
21.5 8
21.6 -61
21.7 37
21.8 38
21.9 -69
22.0 46
22.1 -26
22.2 -63
22.3 45
22.4 -27
22.5 -52
22.6 61
22.7 -27
22.8 -25
22.9 55
23.0 -22
23.1 -49
23.2 66
23.3 -23
23.4 -47
23.5 60
23.6 4
23.7 -38
23.8 -49
23.9 20
24.0 -102
24.1 -2
24.2 -8
24.3 106
24.4 4
24.5 -12
24.6 -29
24.7 -3
24.8 -8
24.9 -10
25.0 2
25.1 -33
25.2 -68
25.3 -78
25.4 -28
25.5 -2
25.6 -7
25.7 -56
25.8 -27
25.9 -47
26.0 -116
26.1 19
26.2 -8
26.3 -65
26.4 40
26.5 -18
26.6 -86
26.7 31
26.8 -38
26.9 -116
27.0 41
27.1 -35
27.2 -68
27.3 87
27.4 -29
27.5 -81
27.6 48
27.7 -13
27.8 -75
27.9 50
28.0 -23
28.1 -60
28.2 39
28.3 -10
28.4 -32
28.5 -138
28.6 2
28.7 -11
28.8 -31
28.9 31
29.0 -28
29.1 -22
29.2 1
29.3 0
29.4 -36
29.5 18
29.6 -39
29.7 -27
29.8 -4
29.9 -39
30.0 -15
30.1 -12
30.2 -49
30.3 -22
30.4 -16
30.5 -24
30.6 -15
30.7 -28
30.8 -42
30.9 -10
31.0 7
31.1 -28
31.2 29
31.3 -16
31.4 -53
31.5 9
31.6 -10
31.7 -32
31.8 -2
31.9 -51
32.0 -51
32.1 18
32.2 -17
32.3 -37
32.4 6
32.5 -10
32.6 -22
32.7 -17
32.8 -26
32.9 -75
33.0 98
33.1 -39
33.2 -75
33.3 36
33.4 -65
33.5 -154
33.6 37
33.7 -20
33.8 -53
33.9 19
34.0 -14
34.1 -214
34.2 74
34.3 2
34.4 -100
34.5 41
34.6 -33
34.7 -77
34.8 86
34.9 -26
35.0 -93
35.1 -87
35.2 -26
35.3 -78
35.4 31
35.5 -29
35.6 -74
35.7 35
35.8 -23
35.9 -79
36.0 38
36.1 -60
36.2 -115
36.3 9
36.4 -10
36.5 -78
36.6 4
36.7 -49
36.8 24
36.9 -23
37.0 -48
37.1 31
37.2 -26
37.3 -46
37.4 74
37.5 -25
37.6 -51
37.7 58
37.8 14
37.9 -64
38.0 5
38.1 1
38.2 -38
38.3 64
38.4 2
38.5 -108
38.6 46
38.7 -6
38.8 -31
38.9 70
39.0 -19
39.1 -40
39.2 46
39.3 -27
39.4 -17
39.5 44
39.6 -20
39.7 -29
39.8 41
39.9 -22
40.0 -40
40.1 14
40.2 -31
40.3 -42
40.4 37
40.5 28
40.6 -28
40.7 51
40.8 -42
40.9 90
41.0 -48
41.1 -1
41.2 0
41.3 -34
41.4 -18
41.5 -17
41.6 -44
41.7 -7
41.8 5
41.9 -44
42.0 -4
42.1 -19
42.2 -44
42.3 5
42.4 48
42.5 -69
42.6 -5
42.7 -28
42.8 -46
42.9 9
43.0 -16
43.1 -75
43.2 14
43.3 -22
43.4 -122
43.5 24
43.6 2
43.7 -55
43.8 28
43.9 -11
44.0 -128
44.1 11120
44.2 23841
44.3 25661
44.4 26500
44.5 27690
44.6 28081
44.7 28177
44.8 28380
44.9 28319
45.0 28067
45.1 27952
45.2 27965
45.3 27994
45.4 27522
45.5 27922
45.6 27239
45.7 26801
45.8 27145
45.9 25558
46.0 26559
46.1 26532
46.2 26143
46.3 25564
46.4 25040
46.5 24529
46.6 24272
46.7 23693
46.8 23216
46.9 22731
47.0 22248
47.1 22064
47.2 21418
47.3 21217
47.4 21118
47.5 20470
47.6 20103
47.7 20158
47.8 19545
47.9 19453
48.0 19290
48.1 18915
48.2 18726
48.3 18735
48.4 18191
48.5 18021
48.6 18245
48.7 17858
48.8 18001
48.9 18241
49.0 17723
49.1 17622
49.2 17541
49.3 16962
49.4 17189
49.5 17192
49.6 16972
49.7 16963
49.8 16876
49.9 16656
50.0 16758
50.1 16462
50.2 16187
50.3 16494
50.4 16502
50.5 16183
50.6 16406
50.7 16305
50.8 16064
50.9 16279
51.0 15858
51.1 16060
51.2 16280
51.3 16251
51.4 16005
51.5 16070
51.6 16102
51.7 15745
51.8 15838
51.9 16503
52.0 16056
52.1 15938
52.2 15967
52.3 15763
52.4 15855
52.5 15741
52.6 15433
52.7 15454
52.8 15481
52.9 15189
53.0 15568
53.1 15644
53.2 15580
53.3 15531
53.4 15183
53.5 15069
53.6 15433
53.7 15326
53.8 15314
53.9 15512
54.0 15399
54.1 15265
54.2 14895
54.3 14976
54.4 15009
54.5 15160
54.6 15330
54.7 15188
54.8 15205
54.9 15278
55.0 15224
55.1 14840
55.2 15013
55.3 15176
55.4 15133
55.5 15051
55.6 15017
55.7 14994
55.8 15085
55.9 14665
56.0 14572
56.1 14968
56.2 14968
56.3 14901
56.4 15018
56.5 15009
56.6 14927
56.7 14601
56.8 14666
56.9 14765
57.0 15050
57.1 14944
57.2 15171
57.3 15054
57.4 14944
57.5 14887
57.6 14834
57.7 14693
57.8 14551
57.9 14922
58.0 14904
58.1 14792
58.2 14754
58.3 14713
58.4 14305
58.5 14440
58.6 14738
58.7 14647
58.8 14643
58.9 14718
59.0 14480
59.1 14687
59.2 14357
59.3 14267
59.4 14586
59.5 14632
59.6 14477
59.7 14584
59.8 14584
59.9 14467
60.0 14524
60.1 14194
60.2 14392
60.3 14454
60.4 14499
60.5 14449
60.6 14435
60.7 14428
60.8 14184
60.9 13972
61.0 14042
61.1 14273
61.2 14364
61.3 14318
61.4 14167
61.5 14283
61.6 14245
61.7 13848
61.8 14025
61.9 14313
62.0 14171
62.1 14316
62.2 14345
62.3 14160
62.4 14325
62.5 14221
62.6 13856
62.7 14351
62.8 14263
62.9 14172
63.0 14318
63.1 14265
63.2 14119
63.3 14290
63.4 13907
63.5 13651
63.6 13791
63.7 14116
63.8 13942
63.9 14126
64.0 14128
64.1 13837
64.2 14064
64.3 14060
64.4 14095
64.5 14229
64.6 14292
64.7 14065
64.8 14130
64.9 14182
65.0 14057
65.1 13740
65.2 14199
65.3 14139
65.4 14014
65.5 13230
65.6 14537
65.7 14602
65.8 14616
65.9 13665
66.0 13809
66.1 14292
66.2 13805
66.3 13934
66.4 13830
66.5 13746
66.6 13794
66.7 13883
66.8 13556
66.9 13895
67.0 14220
67.1 13980
67.2 14391
67.3 14391
67.4 13895
67.5 14041
67.6 14023
67.7 14377
67.8 14073
67.9 14107
68.0 13895
68.1 14325
68.2 14099
68.3 13858
68.4 13716
68.5 13779
68.6 13861
68.7 13992
68.8 13902
68.9 13688
69.0 13882
69.1 13876
69.2 13321
69.3 13513
69.4 13813
69.5 13675
69.6 13945
69.7 13945
69.8 13772
69.9 13961
70.0 13919
70.1 13516
70.2 13957
70.3 13890
70.4 13701
70.5 13926
70.6 13874
70.7 13713
70.8 13916
70.9 13472
71.0 13293
71.1 13846
71.2 13823
71.3 13665
71.4 13776
71.5 13656
71.6 13558
71.7 13328
71.8 13208
71.9 13409
72.0 13603
72.1 13558
72.2 13433
72.3 13735
72.4 13680
72.5 13372
72.6 13427
72.7 13644
72.8 13462
72.9 13599
73.0 13630
73.1 13482
73.2 13661
73.3 13651
73.4 13145
73.5 13346
73.6 13660
73.7 13452
73.8 13651
73.9 13630
74.0 14241
74.1 14405
74.2 14092
74.3 13936
74.4 14381
74.5 14169
74.6 14295
74.7 14199
74.8 14110
74.9 14269
75.0 13598
75.1 13218
75.2 13638
75.3 13500
75.4 13475
75.5 13644
75.6 13243
75.7 13472
75.8 13582
75.9 13116
76.0 13435
76.1 13526
76.2 13454
76.3 13416
76.4 13539
76.5 13477
76.6 13367
76.7 13328
76.8 13282
76.9 13484
77.0 13816
77.1 13450
77.2 13370
77.3 13466
77.4 13797
77.5 13565
77.6 13302
77.7 13400
77.8 13048
77.9 13267
78.0 13487
78.1 13394
78.2 13505
78.3 13314
78.4 13143
78.5 14019
78.6 13770
78.7 13311
78.8 13438
78.9 13249
79.0 13152
79.1 13218
79.2 13290
79.3 13081
79.4 13315
79.5 13357
79.6 13209
79.7 13627
79.8 13248
79.9 13307
80.0 13161
80.1 13073
80.2 13792
80.3 13320
80.4 13385
80.5 13219
80.6 13177
80.7 13248
80.8 13267
80.9 13414
81.0 13620
81.1 13464
81.2 13121
81.3 13491
81.4 13423
81.5 13338
81.6 13448
81.7 13179
81.8 13039
81.9 13093
82.0 13159
82.1 13128
82.2 13234
82.3 13403
82.4 13276
82.5 13010
82.6 12976
82.7 13114
82.8 13273
82.9 13285
83.0 13125
83.1 13181
83.2 13232
83.3 13040
83.4 12940
83.5 13285
83.6 13099
83.7 13187
83.8 13272
83.9 13170
84.0 13136
84.1 13230
84.2 12759
84.3 12977
84.4 13221
84.5 13080
84.6 13113
84.7 13170
84.8 13036
84.9 13151
85.0 12869
85.1 12726
85.2 13132
85.3 13193
85.4 13077
85.5 13260
85.6 13296
85.7 13116
85.8 12997
85.9 13179
86.0 13528
86.1 13397
86.2 13533
86.3 13226
86.4 13387
86.5 13370
86.6 13248
86.7 12988
86.8 13069
86.9 13249
87.0 13248
87.1 13355
87.2 13231
87.3 13124
87.4 13216
87.5 12798
87.6 12733
87.7 13209
87.8 13184
87.9 13072
88.0 13226
88.1 13240
88.2 13133
88.3 12836
88.4 12981
88.5 12908
88.6 13631
88.7 13442
88.8 13419
88.9 13328
89.0 13341
89.1 13185
89.2 13157
89.3 13134
89.4 13165
89.5 13392
89.6 13268
89.7 13053
89.8 13557
89.9 13451
90.0 13000
90.1 13291
90.2 13480
90.3 13036
90.4 13258
90.5 13188
90.6 13059
90.7 13338
90.8 12750
90.9 12975
91.0 13273
91.1 13053
91.2 13251
91.3 13190
91.4 13019
91.5 13330
91.6 13208
91.7 13099
91.8 13441
91.9 13326
92.0 13145
92.1 13522
92.2 13581
92.3 13411
92.4 13530
92.5 13233
92.6 13001
92.7 13431
92.8 13480
92.9 13311
93.0 13419
93.1 13459
93.2 13024
93.3 12991
93.4 13217
93.5 13256
93.6 13484
93.7 13547
93.8 13393
93.9 13464
94.0 13556
94.1 13358
94.2 13142
94.3 13540
94.4 13381
94.5 13436
94.6 13558
94.7 13386
94.8 13412
94.9 13523
95.0 13128
95.1 13138
95.2 13420
95.3 13280
95.4 13259
95.5 13243
95.6 13295
95.7 13283
95.8 13108
95.9 13028
96.0 13306
96.1 13449
96.2 13382
96.3 13318
96.4 13454
96.5 13373
96.6 13286
96.7 13162
96.8 13411
96.9 13326
97.0 13446
97.1 13228
97.2 13029
97.3 13434
97.4 13442
97.5 13008
97.6 13158
97.7 13401
97.8 12863
97.9 13321
98.0 13335
98.1 13004
98.2 13292
98.3 13006
98.4 12861
98.5 13311
98.6 12990
98.7 12913
98.8 13360
98.9 13349
99.0 13339
99.1 13363
99.2 13159
99.3 13350
99.4 13035
99.5 12832
99.6 13392
99.7 13353
99.8 13146
99.9 13361
100.0 13324
100.1 13149
100.2 13391
100.3 13333
100.4 12669
100.5 12652
100.6 12859
100.7 12691
100.8 13043
100.9 12629
101.0 12398
101.1 12710
101.2 12656
101.3 12505
101.4 12791
101.5 12731
101.6 12826
101.7 13061
101.8 13033
101.9 12549
102.0 12816
102.1 12754
102.2 12537
102.3 12508
102.4 12711
102.5 12861
102.6 13074
102.7 13027
102.8 12906
102.9 13056
103.0 13051
103.1 12807
103.2 13081
103.3 13053
103.4 12938
103.5 13118
103.6 13111
103.7 12697
103.8 12811
103.9 13008
104.0 12428
104.1 12615
104.2 12381
104.3 12302
104.4 12525
104.5 12479
104.6 12282
104.7 12614
104.8 12578
104.9 12458
105.0 12944
105.1 12645
105.2 12548
105.3 12751
105.4 12688
105.5 12515
105.6 12902
105.7 12898
105.8 12306
105.9 12442
106.0 12466
106.1 12296
106.2 12545
106.3 12720
106.4 12606
106.5 12962
106.6 13064
106.7 12929
106.8 13068
106.9 13064
107.0 12615
107.1 12741
107.2 12375
107.3 12059
107.4 13135
107.5 13160
107.6 12654
107.7 12688
107.8 12648
107.9 12801
108.0 12959
108.1 12613
108.2 12767
108.3 12866
108.4 12761
108.5 12650
108.6 12505
108.7 12450
108.8 12285
108.9 12447
109.0 12456
109.1 12750
109.2 12808
109.3 12150
109.4 12559
109.5 12915
109.6 12901
109.7 12855
109.8 12796
109.9 12840
110.0 12821
110.1 12917
110.2 12901
110.3 12849
110.4 12590
110.5 12493
110.6 12517
110.7 11856
110.8 11779
