#Press Ctrl-C to quit...
#channel one minus channel two
0 109
0.5 116
1.0 118
1.5 118
2.0 119
2.5 117
3.0 118
3.5 117
4.0 116
4.5 116
5.0 116
5.5 117
6.0 117
6.5 115
7.0 115
7.5 114
8.0 115
8.5 112
9.0 110
9.5 115
10.0 112
10.5 109
11.0 110
11.5 60
12.0 -8568
12.5 -8771
13.0 -8686
13.5 -8764
14.0 -8824
14.5 -8865
15.0 -8863
15.5 -8938
16.0 -8930
16.5 -8976
17.0 -8996
17.5 -8998
18.0 -9002
18.5 -9051
19.0 -9018
19.5 -9008
20.0 -9115
20.5 -9027
21.0 -9093
21.5 -9077
22.0 -9092
22.5 -9113
23.0 -9164
23.5 -9149
24.0 -9166
24.5 -9163
25.0 -9143
25.5 -9185
26.0 -9239
26.5 -9158
27.0 -9200
27.5 -9268
28.0 -9177
28.5 -9250
29.0 -9251
29.5 -9193
30.0 -9248
30.5 -9230
31.0 -9302
31.5 -9246
32.0 -9313
32.5 -9252
33.0 -9330
33.5 -9222
34.0 -9280
34.5 -9256
35.0 -9299
35.5 -9241
36.0 -9299
36.5 -9224
37.0 -9330
37.5 -9212
38.0 -9250
38.5 -9277
39.0 -9305
39.5 -9218
40.0 -9297
40.5 -9256
41.0 -9236
41.5 -9263
42.0 -9252
42.5 -9229
43.0 -9228
43.5 -9265
44.0 -9246
44.5 -9274
45.0 -9241
45.5 -9246
46.0 -9350
46.5 -10661
47.0 -9439
47.5 -9381
48.0 -9324
48.5 -9268
49.0 -9284
49.5 -9250
50.0 -9245
50.5 -9263
51.0 -9241
51.5 -9236
52.0 -9285
52.5 -9234
53.0 -9234
53.5 -9324
54.0 -9244
54.5 -9303
55.0 -9277
55.5 -9322
56.0 -9283
56.5 -9337
57.0 -9239
57.5 -9306
58.0 -9284
58.5 -9262
59.0 -9251
59.5 -9312
60.0 -9252
60.5 -9305
61.0 -9332
61.5 -9284
62.0 -9293
62.5 -9290
63.0 -9281
63.5 -9313
64.0 -9276
64.5 -9214
65.0 -9270
65.5 -9237
66.0 -9216
66.5 -9324
67.0 -9250
67.5 -9230
68.0 -9276
68.5 -9229
69.0 -9255
69.5 -9291
70.0 -9247
70.5 -9244
71.0 -9303
71.5 -9299
72.0 -9362
72.5 -9044
73.0 -8758
73.5 1482
74.0 437
74.5 370
75.0 325
75.5 312
76.0 283
76.5 271
77.0 251
77.5 241
78.0 222
78.5 222
79.0 208
79.5 197
80.0 192
80.5 185
81.0 175
81.5 174
82.0 164
82.5 160
83.0 153
