#Press Ctrl-C to quit...
#channel one minus channel two
0 747
0.5 385
1.0 283
1.5 235
2.0 204
2.5 182
3.0 169
3.5 154
4.0 150
4.5 142
5.0 136
5.5 129
6.0 131
6.5 125
7.0 122
7.5 121
8.0 119
8.5 118
9.0 117
9.5 116
10.0 117
10.5 113
11.0 115
11.5 115
12.0 116
12.5 116
13.0 116
13.5 116
14.0 118
14.5 117
15.0 117
15.5 118
16.0 117
16.5 115
17.0 119
17.5 115
18.0 118
18.5 1052
19.0 690
19.5 1476
20.0 674
20.5 346
21.0 769
21.5 1012
22.0 1050
22.5 793
23.0 325
23.5 263
24.0 216
24.5 190
25.0 168
25.5 155
26.0 145
26.5 137
27.0 133
27.5 129
28.0 125
28.5 122
29.0 120
29.5 119
30.0 115
30.5 115
31.0 114
31.5 114
32.0 112
32.5 114
33.0 113
33.5 112
34.0 112
34.5 113
35.0 113
35.5 114
36.0 110
36.5 976
37.0 331
37.5 265
38.0 246
38.5 217
39.0 176
39.5 171
40.0 156
40.5 142
41.0 140
41.5 200
42.0 963
42.5 675
43.0 493
43.5 741
44.0 1342
44.5 1204
45.0 805
45.5 1181
46.0 855
46.5 1278
47.0 919
47.5 1256
48.0 1289
48.5 1407
49.0 1359
49.5 1455
50.0 1450
50.5 1393
51.0 1341
51.5 1382
52.0 1243
52.5 1445
53.0 1461
53.5 1206
54.0 1034
54.5 1382
55.0 1278
55.5 801
56.0 348
56.5 279
57.0 231
57.5 197
58.0 176
58.5 162
59.0 153
59.5 142
60.0 138
60.5 134
61.0 129
61.5 128
62.0 124
62.5 120
63.0 120
63.5 118
64.0 115
64.5 116
65.0 114
65.5 114
66.0 115
66.5 108
67.0 105
67.5 144
68.0 147
68.5 193
69.0 189
69.5 165
70.0 165
70.5 161
71.0 152
71.5 150
72.0 275
72.5 1560
73.0 1507
73.5 885
74.0 311
74.5 242
75.0 195
75.5 173
76.0 158
76.5 147
77.0 137
77.5 133
78.0 128
78.5 123
79.0 119
79.5 117
80.0 110
80.5 107
81.0 140
81.5 1103
82.0 1416
82.5 1356
83.0 1303
83.5 1369
84.0 1297
84.5 1245
85.0 1357
85.5 1101
86.0 585
86.5 300
87.0 200
87.5 153
88.0 129
88.5 166
89.0 1178
89.5 1070
90.0 229
90.5 182
91.0 155
91.5 139
92.0 129
92.5 122
93.0 117
