#12/4/16
# on RPI 3 w/ touchscreen
# actual bg 187

#Press Ctrl-C to quit...
#channel 0 minus channel 1
0 -105
0.1 -9
0.2 -43
0.3 -26
0.4 21
0.5 -37
0.6 -77
0.7 -2
0.8 -9
0.9 -51
1.0 23
1.1 0
1.2 -41
1.3 27
1.4 -45
1.5 -44
1.6 152
1.7 -3
1.8 -28
1.9 43
2.0 -10
2.1 -62
2.2 38
2.3 -14
2.4 -43
2.5 42
2.6 -10
2.7 -100
2.8 62
2.9 -16
3.0 -86
3.1 57
3.2 -4
3.3 -89
3.4 68
3.5 -26
3.6 -79
3.7 64
3.8 -15
3.9 -18
4.0 55
4.1 -75
4.2 -98
4.3 44
4.4 -18
4.5 -53
4.6 43
4.7 -47
4.8 -41
4.9 38
5.0 -15
5.1 -26
5.2 32
5.3 -48
5.4 -25
5.5 23
5.6 -71
5.7 -56
5.8 11
5.9 -52
6.0 7
6.1 22
6.2 7
6.3 14
6.4 1
6.5 -44
6.6 0
6.7 6
6.8 169
6.9 -81
7.0 42
7.1 2
7.2 -70
7.3 56
7.4 1
7.5 -77
7.6 44
7.7 5
7.8 -57
7.9 36
8.0 -14
8.1 -82
8.2 36
8.3 -34
8.4 -36
8.5 12
8.6 -48
8.7 -71
8.8 45
8.9 45
9.0 -69
9.1 18
9.2 -26
9.3 -65
9.4 28
9.5 -29
9.6 -66
9.7 18
9.8 -27
9.9 -60
10.0 19
10.1 -35
10.2 -74
10.3 -9
10.4 -45
10.5 -37
10.6 -16
10.7 -27
10.8 -114
10.9 -13
11.0 -7
11.1 -70
11.2 1
11.3 -17
11.4 -32
11.5 -3
11.6 -14
11.7 -45
11.8 -7
11.9 -43
12.0 -41
12.1 4
12.2 -1
12.3 -46
12.4 -76
12.5 -7
12.6 -35
12.7 7
12.8 4
12.9 -30
13.0 -15
13.1 8
13.2 -28
13.3 -23
13.4 38
13.5 -21
13.6 -36
13.7 37
13.8 -18
13.9 -68
14.0 45
14.1 -21
14.2 -32768
14.3 -15847
14.4 14770
14.5 -72
14.6 65
14.7 -19
14.8 -94
14.9 43
15.0 18
15.1 -92
15.2 63
15.3 -39
15.4 -82
15.5 20
15.6 8
15.7 -61
15.8 22
15.9 42
16.0 -66
16.1 32
16.2 4
16.3 -56
16.4 -7
16.5 -7
16.6 -51
16.7 25
16.8 4
16.9 -54
17.0 5
17.1 -16
17.2 -77
17.3 8
17.4 -17
17.5 -42
17.6 -1
17.7 -26
17.8 -26
17.9 -2
18.0 -27
18.1 -57
18.2 -9
18.3 -22
18.4 -55
18.5 -1
18.6 -28
18.7 -58
18.8 31
18.9 -19
19.0 -39
19.1 22
19.2 -23
19.3 -43
19.4 13
19.5 -10
19.6 -37
19.7 7
19.8 -23
19.9 -42
20.0 3
20.1 -11
20.2 -40
20.3 -11
20.4 -28
20.5 -17
20.6 -5
20.7 15
20.8 -28
20.9 -42
21.0 39
21.1 -20
21.2 -78
21.3 65
21.4 -27
21.5 -140
21.6 41
21.7 9
21.8 -106
21.9 37
22.0 -22
22.1 -102
22.2 78
22.3 -10
22.4 -72
22.5 23
22.6 -24
22.7 -54
22.8 29
22.9 -7
23.0 -57
23.1 24
23.2 34
23.3 -20
23.4 5
23.5 103
23.6 -35
23.7 -14
23.8 -6
23.9 -32
24.0 -14
24.1 -16
24.2 -35
24.3 -69
24.4 19321
24.5 24524
24.6 25722
24.7 27017
24.8 27406
24.9 28009
25.0 28289
25.1 27869
25.2 28204
25.3 28301
25.4 27921
25.5 27721
25.6 27585
25.7 27300
25.8 27298
25.9 27200
26.0 26940
26.1 26692
26.2 26575
26.3 26512
26.4 26248
26.5 26074
26.6 26121
26.7 25742
26.8 25478
26.9 25150
27.0 24854
27.1 24219
27.2 23872
27.3 23504
27.4 23352
27.5 23118
27.6 22633
27.7 22139
27.8 21947
27.9 21447
28.0 20964
28.1 20617
28.2 20426
28.3 20059
28.4 19965
28.5 19606
28.6 19196
28.7 19189
28.8 18868
28.9 18270
29.0 18282
29.1 18308
29.2 17963
29.3 18022
29.4 17813
29.5 17468
29.6 17549
29.7 16970
29.8 16854
29.9 17243
30.0 17043
30.1 16760
30.2 16695
30.3 16664
30.4 16387
30.5 16480
30.6 16116
30.7 16074
30.8 16192
30.9 16192
31.0 15918
31.1 15974
31.2 15875
31.3 15662
31.4 15671
31.5 15678
31.6 15795
31.7 15823
31.8 15773
31.9 15790
32.0 15853
32.1 15780
32.2 15292
32.3 15370
32.4 15655
32.5 15402
32.6 15529
32.7 15543
32.8 15391
32.9 15374
33.0 15438
33.1 15080
33.2 15324
33.3 15296
33.4 15288
33.5 15084
33.6 15168
33.7 15265
33.8 15123
33.9 15197
34.0 14926
34.1 14979
34.2 14943
34.3 15102
34.4 15060
34.5 14991
34.6 14994
34.7 14651
34.8 14663
34.9 14973
35.0 14808
35.1 14848
35.2 14825
35.3 14718
35.4 14813
35.5 14798
35.6 14261
35.7 14759
35.8 14790
35.9 14665
36.0 14613
36.1 14593
36.2 14496
36.3 14537
36.4 14274
36.5 14215
36.6 14558
36.7 14554
36.8 14565
36.9 14589
37.0 14581
37.1 14415
37.2 14180
37.3 14234
37.4 14317
37.5 14468
37.6 14478
37.7 14427
37.8 14484
37.9 14424
38.0 14185
38.1 13966
38.2 14381
38.3 14255
38.4 14236
38.5 14331
38.6 14101
38.7 13881
38.8 14095
38.9 14086
39.0 13677
39.1 14182
39.2 14089
39.3 13846
39.4 14140
39.5 14088
39.6 14011
39.7 14017
39.8 14123
39.9 14011
40.0 14170
40.1 14200
40.2 13667
40.3 14430
40.4 14521
40.5 13937
40.6 13927
40.7 14356
40.8 14075
40.9 14181
41.0 14271
41.1 14051
41.2 14083
41.3 14224
41.4 13686
41.5 13640
41.6 14052
41.7 13862
41.8 13962
41.9 14028
42.0 14156
42.1 14071
42.2 13826
42.3 13602
42.4 14111
42.5 14284
42.6 14209
42.7 14273
42.8 14265
42.9 14078
43.0 13838
43.1 13688
43.2 13954
43.3 14009
43.4 13949
43.5 13861
43.6 13896
43.7 13922
43.8 13695
43.9 13938
44.0 13814
44.1 13665
44.2 13955
44.3 13891
44.4 13551
44.5 13575
44.6 13754
44.7 13118
44.8 13460
44.9 13847
45.0 13691
45.1 13747
45.2 13855
45.3 13669
45.4 13763
45.5 13449
45.6 13340
45.7 13436
45.8 13840
45.9 13735
46.0 13661
46.1 13888
46.2 13795
46.3 13508
46.4 13483
46.5 13584
46.6 13499
46.7 13617
46.8 13512
46.9 13475
47.0 13664
47.1 13587
47.2 13128
47.3 13258
47.4 13629
47.5 13570
47.6 13681
47.7 13635
47.8 13571
47.9 13697
48.0 13248
48.1 13200
48.2 13668
48.3 13598
48.4 13535
48.5 13654
48.6 13914
48.7 14103
48.8 13932
48.9 13421
49.0 13350
49.1 13641
49.2 13865
49.3 13496
49.4 13635
49.5 13476
49.6 13298
49.7 13574
49.8 13116
49.9 13326
50.0 13525
50.1 13480
50.2 13394
50.3 13515
50.4 13413
50.5 12962
50.6 13138
50.7 12971
50.8 14094
50.9 14128
51.0 14121
51.1 13363
51.2 13701
51.3 13622
51.4 13144
51.5 13543
51.6 13514
51.7 13537
51.8 13568
51.9 13263
52.0 13421
52.1 13329
52.2 12978
52.3 12967
52.4 13388
52.5 13342
52.6 13241
52.7 13318
52.8 13290
52.9 13288
53.0 13022
53.1 13007
53.2 13312
53.3 13351
53.4 13348
53.5 13297
53.6 13267
53.7 13283
53.8 13330
53.9 13348
54.0 13570
54.1 13240
54.2 13200
54.3 13367
54.4 13292
54.5 13365
54.6 13228
54.7 13032
54.8 13116
54.9 13521
55.0 13237
55.1 13362
55.2 13158
55.3 13167
55.4 13271
55.5 12784
55.6 12890
55.7 13471
55.8 13125
55.9 12967
56.0 13144
56.1 13242
56.2 13079
56.3 13365
56.4 13276
56.5 12904
56.6 13101
56.7 13635
56.8 13800
56.9 13266
57.0 13767
57.1 13352
57.2 13327
57.3 13777
57.4 13249
57.5 13326
57.6 13638
57.7 13207
57.8 13383
57.9 13078
58.0 13099
58.1 13330
58.2 13651
58.3 13246
58.4 13128
58.5 13394
58.6 13232
58.7 13186
58.8 13005
58.9 13661
59.0 13945
59.1 13971
59.2 13819
59.3 13649
59.4 13987
59.5 13215
59.6 13122
59.7 13122
59.8 13125
59.9 13117
60.0 13250
60.1 13108
60.2 13705
60.3 13450
60.4 13208
60.5 12807
60.6 13526
60.7 13315
60.8 13433
60.9 13546
61.0 13343
61.1 13173
61.2 13367
61.3 13116
61.4 12786
61.5 13266
61.6 13006
61.7 13164
61.8 13337
61.9 13415
62.0 13174
62.1 13248
62.2 12869
62.3 12778
62.4 13115
62.5 13027
62.6 13034
62.7 13091
62.8 12969
62.9 12994
63.0 12778
63.1 12626
63.2 13049
63.3 13204
63.4 12951
63.5 13134
63.6 13194
63.7 13041
63.8 12789
63.9 12876
64.0 13775
64.1 13752
64.2 13821
64.3 13188
64.4 13224
64.5 13257
64.6 13075
64.7 12874
64.8 12827
64.9 12836
65.0 12998
65.1 13200
65.2 13022
65.3 13170
65.4 13301
65.5 12680
65.6 12737
65.7 13140
65.8 12931
65.9 13075
66.0 13195
66.1 12587
66.2 12757
66.3 13014
66.4 12564
66.5 13278
66.6 13150
66.7 12826
66.8 13037
66.9 13148
67.0 12928
67.1 12713
67.2 12887
67.3 13062
67.4 12996
67.5 13076
67.6 13050
67.7 13035
67.8 13091
67.9 12912
68.0 12717
68.1 12854
68.2 12975
68.3 13025
68.4 13088
68.5 13007
68.6 13143
68.7 13137
68.8 12753
68.9 12905
69.0 12937
69.1 12740
69.2 13208
69.3 13177
69.4 13008
69.5 13314
69.6 12775
69.7 12672
69.8 13185
69.9 13136
70.0 13102
70.1 13171
70.2 13137
70.3 13009
70.4 13065
70.5 12735
70.6 12898
70.7 13091
70.8 13127
70.9 12869
71.0 13068
71.1 13174
71.2 12946
71.3 12790
71.4 12735
71.5 12837
71.6 12957
71.7 13020
71.8 12841
71.9 12936
72.0 12981
72.1 12461
72.2 12651
72.3 13033
72.4 12863
72.5 12975
72.6 13013
72.7 12850
72.8 12936
72.9 13014
73.0 12740
73.1 12655
73.2 12589
73.3 13087
73.4 12917
73.5 12982
73.6 12469
73.7 12962
73.8 12840
73.9 12777
74.0 12969
74.1 13101
74.2 13106
74.3 12961
74.4 13112
74.5 13004
74.6 12505
74.7 12733
74.8 12957
74.9 12861
75.0 13019
75.1 12975
75.2 12903
75.3 13029
75.4 12646
75.5 12532
75.6 12923
75.7 12776
75.8 12687
75.9 12912
76.0 12839
76.1 12796
76.2 12981
76.3 12538
76.4 12417
76.5 13073
76.6 12911
76.7 12853
76.8 13002
76.9 12891
77.0 12849
77.1 12712
77.2 12618
77.3 12797
77.4 13025
77.5 12956
77.6 12768
77.7 13008
77.8 12984
77.9 12818
78.0 12718
78.1 12997
78.2 12363
78.3 12918
78.4 12893
78.5 12660
78.6 12887
78.7 12775
78.8 12308
78.9 12492
79.0 12863
79.1 12777
79.2 12915
79.3 12931
79.4 12773
79.5 12878
79.6 12488
79.7 12410
79.8 12795
79.9 12839
80.0 12846
80.1 12840
80.2 12914
80.3 12874
80.4 12685
80.5 12616
80.6 12933
80.7 12831
80.8 12953
80.9 12847
81.0 12306
81.1 12536
81.2 12826
81.3 12420
81.4 12549
81.5 12939
81.6 12700
81.7 12900
81.8 13018
81.9 12802
82.0 12892
82.1 12643
82.2 12746
82.3 13047
82.4 13059
82.5 13079
82.6 12879
82.7 13005
82.8 13052
82.9 12462
83.0 12646
83.1 12979
83.2 12818
83.3 12587
83.4 12964
83.5 12862
83.6 12818
83.7 12900
83.8 12515
83.9 12423
84.0 12573
84.1 12915
84.2 12694
84.3 12865
84.4 12986
84.5 12873
84.6 12671
84.7 12729
84.8 12955
84.9 12927
85.0 12951
85.1 12823
85.2 12895
85.3 12946
85.4 12394
85.5 12581
85.6 12906
85.7 12921
85.8 12921
85.9 12938
86.0 12819
86.1 12932
86.2 12856
86.3 12468
86.4 12516
86.5 12794
86.6 12693
86.7 12842
86.8 12884
86.9 12777
87.0 12893
87.1 12565
87.2 12533
87.3 12912
87.4 12913
87.5 12809
87.6 12914
87.7 12920
87.8 12774
87.9 12610
88.0 12677
88.1 12671
88.2 12863
88.3 12869
88.4 12741
88.5 12931
88.6 12947
88.7 12783
88.8 12534
88.9 12887
89.0 12719
89.1 12810
89.2 12903
89.3 12746
89.4 12791
89.5 12920
89.6 12363
89.7 12478
89.8 12874
89.9 12822
90.0 12782
90.1 12900
90.2 12877
90.3 12286
90.4 12956
90.5 12728
90.6 12542
90.7 12707
90.8 13546
90.9 12877
91.0 12998
91.1 12944
91.2 12775
91.3 12690
91.4 13049
91.5 12744
91.6 12928
91.7 12865
91.8 13004
91.9 12858
92.0 12813
92.1 12355
92.2 12873
92.3 12835
92.4 12998
92.5 12928
92.6 12864
92.7 12717
92.8 12933
92.9 12573
93.0 12618
93.1 12991
93.2 12951
93.3 12725
93.4 12877
93.5 12927
93.6 12740
93.7 12688
93.8 12538
93.9 12709
94.0 12943
94.1 12850
94.2 12649
94.3 12908
94.4 12726
94.5 12623
94.6 12895
94.7 12566
94.8 12430
94.9 12765
95.0 12843
95.1 12771
95.2 12889
95.3 12750
95.4 12448
95.5 12502
95.6 12910
95.7 12850
95.8 12861
95.9 12930
96.0 12873
96.1 12847
96.2 12794
96.3 12577
96.4 12858
96.5 12890
96.6 12847
96.7 12619
96.8 12765
96.9 12756
97.0 12716
97.1 12409
97.2 12461
97.3 12698
97.4 12819
97.5 12852
97.6 12746
97.7 12904
97.8 12993
97.9 12535
98.0 12697
98.1 13008
98.2 12864
98.3 12969
98.4 12988
98.5 12896
98.6 13054
98.7 12712
98.8 12585
98.9 13023
99.0 12905
99.1 12811
99.2 13336
99.3 13312
99.4 12767
99.5 12785
99.6 12316
99.7 12517
99.8 12751
99.9 12704
100.0 12693
100.1 12698
100.2 12768
100.3 12689
100.4 12521
100.5 12650
100.6 12886
100.7 12752
100.8 12863
100.9 12778
101.0 12666
101.1 12858
101.2 13144
101.3 12929
101.4 12759
101.5 12868
101.6 12718
101.7 13002
101.8 12905
101.9 12738
102.0 12845
102.1 12781
102.2 12610
102.3 12802
102.4 12766
102.5 12608
102.6 12793
102.7 12527
102.8 12524
102.9 12482
103.0 12531
103.1 12694
103.2 12926
103.3 12836
103.4 12751
103.5 12978
103.6 12877
103.7 12354
103.8 13065
103.9 13220
104.0 12786
104.1 12995
104.2 12892
104.3 12698
104.4 12963
104.5 12805
104.6 12333
104.7 12760
104.8 12347
104.9 12380
105.0 12603
105.1 12716
105.2 12599
105.3 12765
105.4 12700
105.5 12651
105.6 12803
105.7 12795
105.8 12632
105.9 12798
106.0 12744
106.1 12642
106.2 12704
106.3 12454
106.4 12458
106.5 13308
106.6 13293
106.7 13233
106.8 12524
106.9 12588
107.0 12279
107.1 12842
107.2 12871
107.3 12328
107.4 12407
107.5 12356
107.6 12231
107.7 13176
107.8 12812
107.9 12842
108.0 12186
108.1 12464
108.2 12377
108.3 12752
108.4 12798
108.5 12313
108.6 12815
108.7 12322
108.8 13111
108.9 13320
109.0 12953
109.1 12648
109.2 12851
109.3 12940
109.4 12544
109.5 12703
109.6 12170
109.7 12348
109.8 12738
109.9 12794
110.0 12360
110.1 12224
110.2 12662
