#Press Ctrl-C to quit...
#channel 0 minus channel 1
0 -28
0.1 -30
0.2 -24
0.3 -31
0.4 -24
0.5 -30
0.6 -26
0.7 -26
0.8 -31
0.9 -24
1.0 -31
1.1 -25
1.2 -27
1.3 -31
1.4 -25
1.5 -30
1.6 -29
1.7 -25
1.8 -31
1.9 -26
2.0 -25
2.1 -31
2.2 -24
2.3 -29
2.4 -29
2.5 -24
2.6 -31
2.7 -27
2.8 -25
2.9 -31
3.0 -25
3.1 -28
3.2 -31
3.3 -24
3.4 -29
3.5 -29
3.6 -24
3.7 -30
3.8 -25
3.9 -25
4.0 -31
4.1 -25
4.2 -27
4.3 -31
4.4 -24
4.5 -29
4.6 -29
4.7 -23
4.8 -31
4.9 -27
5.0 -24
5.1 -31
5.2 -25
5.3 -25
5.4 -31
5.5 -25
5.6 -29
5.7 -30
5.8 -24
5.9 -31
6.0 -26
6.1 -25
6.2 -31
6.3 -25
6.4 -28
6.5 -31
6.6 -23
6.7 -30
6.8 -25
6.9 -28
7.0 -30
7.1 -24
7.2 -32
7.3 -24
7.4 -30
7.5 -26
7.6 -27
7.7 -30
7.8 -24
7.9 -31
8.0 -23
8.1 -30
8.2 -26
8.3 -26
8.4 -30
8.5 -23
8.6 -31
8.7 -25
8.8 -29
8.9 -27
9.0 -25
9.1 -31
9.2 -24
9.3 -31
9.4 -25
9.5 -28
9.6 -29
9.7 -24
9.8 -32
9.9 -24
10.0 -30
10.1 -26
10.2 -25
10.3 -31
10.4 -24
10.5 -29
10.6 -30
10.7 -24
10.8 -31
10.9 -27
11.0 -25
11.1 -31
11.2 -25
11.3 -29
11.4 -31
11.5 -24
11.6 -30
11.7 -27
11.8 -24
11.9 -31
12.0 -25
12.1 -27
12.2 -31
12.3 -24
12.4 -29
12.5 -30
12.6 -23
12.7 -31
12.8 -27
12.9 -24
13.0 -32
13.1 -25
13.2 -27
13.3 -31
13.4 -24
13.5 -30
13.6 -28
13.7 -24
13.8 -31
13.9 -25
14.0 -26
14.1 -31
14.2 -24
14.3 -29
14.4 -29
14.5 -24
14.6 -31
14.7 -26
14.8 -25
14.9 -31
15.0 -25
15.1 -29
15.2 -31
15.3 -24
15.4 -30
15.5 -26
15.6 -24
15.7 -31
15.8 -24
15.9 -29
16.0 -27
16.1 -25
16.2 -30
16.3 -23
16.4 -31
16.5 -25
16.6 -29
16.7 -27
16.8 -24
16.9 -31
17.0 -24
17.1 -31
17.2 -25
17.3 -28
17.4 -28
17.5 -24
17.6 -31
17.7 -24
17.8 -30
17.9 -25
18.0 -28
18.1 -29
18.2 -24
18.3 -31
18.4 -24
18.5 -30
18.6 -26
18.7 -27
18.8 -30
18.9 -23
19.0 -32
19.1 -23
19.2 -31
19.3 -29
19.4 -21
19.5 -34
19.6 -23
19.7 -26
19.8 -35
19.9 -20
20.0 -31
20.1 -30
20.2 -18
20.3 -35
20.4 -25
20.5 -19
20.6 -38
20.7 -21
20.8 -27
20.9 -38
21.0 -13
21.1 -37
21.2 -26
21.3 -15
21.4 -40
21.5 -19
21.6 -28
21.7 -43
21.8 -7
21.9 -41
22.0 -28
22.1 -14
22.2 -57
22.3 1501
22.4 -6
22.5 989
22.6 32767
22.7 32767
22.8 28565
22.9 32767
23.0 32767
23.1 31845
23.2 32767
23.3 29874
23.4 27850
23.5 32767
23.6 14116
23.7 -2189
23.8 32767
23.9 -7010
24.0 8591
24.1 19809
24.2 -26415
24.3 32767
24.4 -25023
24.5 -3409
24.6 14489
24.7 -32768
24.8 17314
24.9 -870
25.0 -27989
25.1 32767
25.2 -16103
25.3 -14691
25.4 -7389
25.5 28494
25.6 -27639
25.7 9184
25.8 18545
25.9 -28239
26.0 26111
26.1 3447
26.2 -17904
26.3 32709
26.4 -10741
26.5 765
26.6 29725
26.7 -17409
26.8 17345
26.9 21330
27.0 -12017
27.1 28051
27.2 9704
27.3 -7728
27.4 30819
27.5 -5399
27.6 8679
27.7 26270
27.8 -11675
27.9 23536
28.0 13772
28.1 -8813
28.2 27995
28.3 -4582
28.4 4342
28.5 27046
28.6 -10956
28.7 21829
28.8 13389
28.9 -12792
29.0 26937
29.1 -1659
29.2 -2119
29.3 27397
29.4 -9801
29.5 12542
29.6 21284
29.7 -12525
29.8 23712
29.9 18335
30.0 15951
30.1 -13944
30.2 24378
30.3 -2986
30.4 -2848
30.5 26517
30.6 -12012
30.7 14393
30.8 15446
30.9 -14495
31.0 24020
31.1 -2652
31.2 -6916
31.3 25963
31.4 -11710
31.5 13248
31.6 18086
31.7 -14817
31.8 18705
31.9 8798
32.0 -13000
32.1 24706
32.2 -8236
32.3 3012
32.4 24210
32.5 -14551
32.6 18708
32.7 8245
32.8 -14499
32.9 24980
33.0 -6754
33.1 817
33.2 26018
33.3 -13463
33.4 17010
33.5 16903
33.6 -16156
33.7 24411
33.8 -1706
33.9 -7413
34.0 27480
34.1 -16319
34.2 21265
34.3 -6622
34.4 4115
34.5 17038
34.6 330
34.7 -3970
34.8 24109
34.9 -18567
35.0 24590
35.1 -12073
35.2 15107
35.3 3625
35.4 -4342
35.5 22020
35.6 -18079
35.7 25027
35.8 -11497
35.9 12960
36.0 6064
36.1 -10800
36.2 26005
36.3 -18040
36.4 20917
36.5 -9448
36.6 8955
36.7 13504
36.8 -14497
36.9 24631
37.0 -17576
37.1 20603
37.2 -8549
37.3 4551
37.4 22049
37.5 -17711
37.6 17820
37.7 4085
37.8 -15415
37.9 23649
38.0 -10851
38.1 2929
38.2 23799
38.3 -16474
38.4 13228
38.5 12518
38.6 -19148
38.7 21365
38.8 -2667
38.9 -10539
39.0 24914
39.1 -13759
39.2 8508
39.3 18410
39.4 -19090
39.5 18516
39.6 415
39.7 -15035
39.8 25011
39.9 -11590
40.0 3672
40.1 21436
40.2 -17821
40.3 16313
40.4 6315
40.5 -17040
40.6 22967
40.7 -10342
40.8 -210
40.9 23320
41.0 -17696
41.1 14223
41.2 7934
41.3 -17390
41.4 23460
41.5 -8800
41.6 -3626
41.7 23884
41.8 -16821
41.9 14117
42.0 11908
42.1 -19403
42.2 19462
42.3 -1342
42.4 -14782
42.5 24983
42.6 -7792
42.7 -6768
42.8 24118
42.9 -15367
43.0 10953
43.1 12643
43.2 -18295
43.3 22783
43.4 -8487
43.5 -4520
43.6 23076
43.7 -15057
43.8 7298
43.9 19407
44.0 -17678
44.1 15802
44.2 6217
44.3 -19071
44.4 22359
44.5 -7208
44.6 -5655
44.7 24204
44.8 -15495
44.9 10676
45.0 14378
45.1 -20090
45.2 18541
45.3 -1387
45.4 -13725
45.5 24831
45.6 -12162
45.7 3292
45.8 21559
45.9 -18831
46.0 16140
46.1 4430
46.2 -18142
46.3 22500
46.4 -9991
46.5 -2387
46.6 23213
46.7 -17337
46.8 12639
46.9 9982
47.0 -18984
47.1 20855
47.2 -7625
47.3 -7686
47.4 24271
47.5 -13483
47.6 7163
47.7 19806
47.8 -19193
47.9 15622
48.0 5727
48.1 -18833
48.2 21246
48.3 -8062
48.4 -6373
48.5 24518
48.6 -16176
48.7 10967
48.8 14800
48.9 -19640
49.0 19292
49.1 -1578
49.2 -14231
49.3 23613
49.4 -12573
49.5 3889
49.6 20479
49.7 -19203
49.8 15725
49.9 2568
50.0 -16476
50.1 22969
50.2 -12114
50.3 364
50.4 21955
50.5 -18430
50.6 15228
50.7 5531
50.8 -18542
50.9 23171
51.0 -8948
51.1 -4608
51.2 23217
51.3 -15806
51.4 8845
51.5 16629
51.6 -20165
51.7 16480
51.8 1267
51.9 -17695
52.0 24185
52.1 -10371
52.2 -1413
52.3 24099
52.4 -16849
52.5 11667
52.6 13305
52.7 -20581
52.8 18008
52.9 -707
53.0 -15307
53.1 23928
53.2 -12707
53.3 3554
53.4 20667
53.5 -19313
53.6 16313
53.7 2778
53.8 -15890
53.9 22866
54.0 -11953
54.1 263
54.2 21480
54.3 -17955
54.4 14868
54.5 5170
54.6 -19017
54.7 22679
54.8 -8578
54.9 -4436
55.0 24024
55.1 -16128
55.2 9536
55.3 14659
55.4 -19912
55.5 19209
55.6 -5646
55.7 -12210
55.8 24887
55.9 -14744
56.0 6483
56.1 18097
56.2 -20208
56.3 16605
56.4 3490
56.5 -17906
56.6 22361
56.7 -9308
56.8 -4022
56.9 22686
57.0 -18609
57.1 12365
57.2 10038
57.3 -19121
57.4 21225
57.5 -8503
57.6 -8104
57.7 23635
57.8 -16072
57.9 9796
58.0 12663
58.1 -20602
58.2 19038
58.3 -3942
58.4 -11504
58.5 23232
58.6 -13693
58.7 5925
58.8 19790
58.9 -18680
59.0 14240
59.1 8680
59.2 -18733
59.3 20158
59.4 -8451
59.5 -6129
59.6 23131
59.7 -16236
59.8 12031
59.9 12188
60.0 -21063
60.1 18016
60.2 799
60.3 -15836
60.4 22656
60.5 -11978
60.6 -358
60.7 22862
60.8 -17185
60.9 12337
61.0 9484
61.1 -20012
61.2 20027
61.3 -7014
61.4 55
61.5 16105
61.6 -20406
61.7 24413
61.8 -15346
61.9 13583
62.0 -3215
62.1 -3500
62.2 19286
62.3 -19800
62.4 22043
62.5 -14690
62.6 12546
62.7 114
62.8 -11886
62.9 21688
63.0 -19804
63.1 20626
63.2 -10725
63.3 7152
63.4 6833
63.5 -13775
63.6 22938
63.7 -19777
63.8 17376
63.9 -11578
64.0 8235
64.1 -3358
64.2 -12074
64.3 19528
64.4 -27294
64.5 27069
64.6 -28613
64.7 1413
64.8 7668
64.9 -29523
65.0 32767
65.1 -7515
65.2 -20919
65.3 28007
65.4 -20206
65.5 -9185
65.6 23662
65.7 -14208
65.8 -78
65.9 14443
66.0 -28839
66.1 19976
66.2 -7674
66.3 -15428
66.4 26803
66.5 -10174
66.6 -13500
66.7 23145
66.8 -32768
66.9 21543
67.0 -32768
67.1 -32768
67.2 -32768
67.3 -32768
67.4 -32768
67.5 -32768
67.6 -32768
67.7 -32768
67.8 -32768
67.9 -32768
68.0 -32768
68.1 -32768
68.2 -32768
68.3 -32768
68.4 -32768
68.5 -22879
68.6 -23428
68.7 -32768
68.8 6791
68.9 -21894
69.0 -21972
69.1 24000
69.2 -28859
69.3 10454
69.4 6814
69.5 -26778
69.6 32767
69.7 -10299
69.8 -6708
69.9 32767
70.0 -21108
70.1 3393
70.2 28655
70.3 -18032
70.4 19758
70.5 24472
70.6 -6953
70.7 32767
70.8 19607
70.9 138
71.0 32767
71.1 10170
71.2 10279
71.3 32767
71.4 -604
71.5 23620
71.6 28500
71.7 -288
71.8 32767
71.9 15619
72.0 4510
72.1 32767
72.2 1872
72.3 18707
72.4 29258
72.5 -3630
72.6 29005
72.7 21909
72.8 -2041
72.9 32767
73.0 5657
73.1 3163
73.2 32565
73.3 -1557
73.4 18077
73.5 25298
73.6 -6846
73.7 27099
73.8 11001
73.9 -3356
74.0 31545
74.1 -4280
74.2 11999
74.3 27953
74.4 -8665
74.5 22798
74.6 15625
74.7 -9813
74.8 27283
74.9 3370
75.0 -3486
75.1 29275
75.2 -7295
75.3 12767
75.4 24673
75.5 -11787
75.6 22573
75.7 8385
75.8 -10054
75.9 27966
76.0 -5455
76.1 3929
76.2 25819
76.3 -11409
76.4 18098
76.5 15337
76.6 -13785
76.7 23467
76.8 -1003
76.9 -5655
77.0 26457
77.1 -10124
77.2 11172
77.3 19715
77.4 -13728
77.5 20718
77.6 2488
77.7 -11147
77.8 25732
77.9 -8176
78.0 6753
78.1 24282
78.2 -14393
78.3 15683
78.4 16842
78.5 -16259
78.6 19337
78.7 5169
78.8 -13441
78.9 24029
79.0 -6476
79.1 -1207
79.2 24385
79.3 -13531
79.4 13364
79.5 13827
79.6 -13868
79.7 23671
79.8 -14754
79.9 19594
80.0 -4725
80.1 3718
80.2 18266
80.3 -17009
80.4 25133
80.5 -12787
80.6 15781
80.7 -2101
80.8 -164
80.9 19917
81.0 -16861
81.1 22099
81.2 -10624
81.3 9750
81.4 10176
81.5 -13149
81.6 23732
81.7 -15301
81.8 19458
81.9 -3027
82.0 1317
82.1 17007
82.2 -16431
82.3 24427
82.4 -12396
82.5 14277
82.6 2420
82.7 -13906
82.8 23652
82.9 -9711
83.0 1783
83.1 22074
83.2 -15546
83.3 15347
83.4 8583
83.5 -17620
83.6 20981
83.7 -6480
83.8 -4487
83.9 22844
84.0 -14509
84.1 11566
84.2 13357
84.3 -16908
84.4 19285
84.5 -4542
84.6 -9990
84.7 24042
84.8 -11459
84.9 4786
85.0 21917
85.1 -17252
85.2 12745
85.3 15400
85.4 -17451
85.5 17414
85.6 583
85.7 -14559
85.8 22532
85.9 -9943
86.0 2882
86.1 20918
86.2 -15835
86.3 13792
86.4 12145
86.5 -18036
86.6 17855
86.7 -3134
86.8 -12127
86.9 23585
87.0 -12041
87.1 6233
87.2 18610
87.3 -16982
87.4 16284
87.5 1845
87.6 -16079
87.7 21311
87.8 -9852
87.9 1432
88.0 21339
88.1 -16247
88.2 13334
88.3 8261
88.4 -16750
88.5 20727
88.6 -7994
88.7 -4829
88.8 21897
88.9 -13702
89.0 11493
89.1 12949
89.2 -18561
89.3 17658
89.4 -2633
89.5 -11624
89.6 22754
89.7 -12664
89.8 5038
89.9 20574
90.0 -15848
90.1 13529
90.2 9090
90.3 -18093
90.4 18989
90.5 -5458
90.6 -8553
90.7 22323
90.8 -13655
90.9 8122
91.0 16145
91.1 -18289
91.2 16545
91.3 -1696
91.4 -14008
91.5 23160
91.6 -11656
91.7 3797
91.8 19300
91.9 -17155
92.0 14947
92.1 3885
92.2 -16886
92.3 19167
92.4 -9475
92.5 -1441
92.6 21253
92.7 -15770
92.8 12157
92.9 7696
93.0 -17924
93.1 20049
93.2 -7386
93.3 -6995
93.4 22369
93.5 -13644
93.6 9710
93.7 16638
93.8 -16767
93.9 14782
94.0 5145
94.1 -16918
94.2 20170
94.3 -7732
94.4 -7085
94.5 22295
94.6 -14732
94.7 11045
94.8 12256
94.9 -18955
95.0 17706
95.1 -4814
95.2 -9639
95.3 22161
95.4 -13009
95.5 6852
95.6 17247
95.7 -17677
95.8 17507
95.9 -416
96.0 -13272
96.1 24943
96.2 -12106
96.3 8942
96.4 21680
96.5 -19844
96.6 22033
96.7 3506
96.8 -15591
96.9 25162
97.0 -11736
97.1 -522
97.2 24040
97.3 -16303
97.4 13619
97.5 13406
97.6 -20522
97.7 16800
97.8 -10132
97.9 6096
98.0 9387
98.1 -17043
98.2 23107
98.3 -18024
98.4 15154
98.5 -7577
98.6 -266
98.7 16625
98.8 -18580
98.9 20779
99.0 -14690
99.1 12844
99.2 -2498
99.3 -5741
99.4 18689
99.5 -19529
99.6 22421
99.7 -13524
99.8 10735
99.9 867
100.0 -9959
100.1 22414
100.2 -19380
100.3 17265
100.4 -11431
100.5 7497
100.6 9121
100.7 -18906
100.8 19163
100.9 -9101
101.0 -6698
101.1 22706
101.2 -16963
101.3 9461
101.4 10978
101.5 -19738
101.6 18286
101.7 -7020
101.8 -9780
101.9 22419
102.0 -13600
102.1 6720
102.2 16883
102.3 -19375
102.4 13759
102.5 4207
102.6 -19105
102.7 18705
102.8 -7110
102.9 -13241
103.0 22518
103.1 -13673
103.2 5165
103.3 16906
103.4 -19059
103.5 15642
103.6 391
103.7 -17106
103.8 20128
103.9 -10576
104.0 -3328
104.1 21845
104.2 -16127
104.3 9363
104.4 11626
104.5 -19160
104.6 17768
104.7 -6301
104.8 -11627
104.9 22093
105.0 -13919
105.1 7607
105.2 14839
105.3 -19365
105.4 16317
105.5 -1926
105.6 -14326
105.7 21371
105.8 -13152
105.9 3243
106.0 19738
106.1 -18263
106.2 12796
106.3 5786
106.4 -19389
106.5 19453
106.6 -6780
106.7 -10864
106.8 21076
106.9 -12832
107.0 4117
107.1 18433
107.2 -18081
107.3 13353
107.4 6603
107.5 -17638
107.6 18713
107.7 -6949
107.8 -10354
107.9 21657
108.0 -14353
108.1 7718
108.2 14213
108.3 -19397
108.4 16046
108.5 -2140
108.6 -13893
108.7 21899
108.8 -12762
108.9 3860
109.0 19180
109.1 -18365
109.2 13753
109.3 939
109.4 -16993
109.5 21450
109.6 -10808
109.7 186
109.8 19999
109.9 -17716
110.0 13428
110.1 2843
110.2 -18156
110.3 21777
110.4 -10410
110.5 -950
110.6 22548
110.7 -17386
110.8 12986
110.9 9305
111.0 -18451
111.1 19378
111.2 -6847
111.3 -8985
111.4 23166
111.5 -12399
111.6 3930
111.7 19870
111.8 -17948
111.9 14022
112.0 5507
112.1 -18302
112.2 19747
112.3 -7913
112.4 -6046
112.5 23539
112.6 -16712
112.7 10845
112.8 12675
112.9 -19525
113.0 18388
113.1 -5379
113.2 -10542
113.3 22127
113.4 -13109
113.5 6977
113.6 16654
113.7 -20172
113.8 15664
113.9 -1133
114.0 -15905
114.1 20761
114.2 -12348
114.3 1280
114.4 20261
114.5 -17898
114.6 12509
114.7 4599
114.8 -17705
114.9 19596
115.0 -6664
115.1 -11289
115.2 21255
115.3 -10294
115.4 -2640
115.5 21106
115.6 -14094
115.7 6026
115.8 15880
115.9 -17244
116.0 11486
116.1 -988
116.2 -10092
116.3 20303
116.4 -19697
116.5 20497
116.6 -11482
116.7 6444
116.8 4518
116.9 -12266
117.0 23258
117.1 -16375
117.2 11372
117.3 16328
117.4 -22455
117.5 32767
117.6 -2464
117.7 2340
117.8 32767
117.9 -18372
118.0 2972
118.1 18445
118.2 -26411
118.3 19359
118.4 -15803
118.5 -6048
118.6 19608
118.7 -30043
118.8 16238
118.9 4118
119.0 -23401
119.1 22572
119.2 -133
119.3 -19319
119.4 20554
119.5 -8567
119.6 -6595
119.7 23148
119.8 -12273
119.9 -14
120.0 21700
120.1 -14977
120.2 10222
120.3 12546
120.4 -22333
120.5 17254
120.6 -12161
120.7 -6568
120.8 17510
120.9 -27601
121.0 15981
121.1 6685
121.2 -21319
121.3 19445
121.4 -4616
121.5 -17203
121.6 20948
121.7 -10618
121.8 -7415
121.9 21387
122.0 -16182
122.1 6466
122.2 15855
122.3 -19789
122.4 14000
122.5 2845
122.6 -18229
122.7 19562
122.8 -9989
122.9 -7747
123.0 21892
123.1 -15697
123.2 8073
123.3 15215
123.4 -19403
123.5 16455
123.6 1776
123.7 -16601
123.8 21519
123.9 -10653
124.0 -3843
124.1 20633
124.2 -18333
124.3 9853
124.4 8286
124.5 -19959
124.6 18329
124.7 -7889
124.8 -12886
124.9 23008
125.0 -12487
125.1 -7292
