#Press Ctrl-C to quit...
#channel 0 minus channel 1
0 -1340
0.1 -4434
0.2 -6232
0.3 -1211
0.4 -8992
0.5 -66
0.6 -7861
0.7 -3495
0.8 -3647
0.9 -7300
1.0 -387
1.1 -9317
1.2 -743
1.3 -6391
1.4 -4742
1.5 -2349
1.6 -8451
1.7 102
1.8 -8395
1.9 -2480
2.0 -4135
2.1 -6520
2.2 -806
2.3 -9097
2.4 -2079
2.5 -3338
2.6 -8438
2.7 -26
2.8 -5449
2.9 -6716
3.0 -838
3.1 -9169
3.2 -5847
3.3 -2254
3.4 -9765
3.5 -2602
3.6 -4468
3.7 -8212
3.8 541
3.9 -5676
4.0 -4622
4.1 -597
4.2 -9136
4.3 -3471
4.4 -4317
4.5 -10519
4.6 -2635
4.7 -8085
4.8 -9081
4.9 -2415
5.0 -9846
5.1 -4752
5.2 -2603
5.3 -10003
5.4 -3606
5.5 -4544
5.6 -9698
5.7 -1628
5.8 -7750
5.9 -7861
6.0 -2050
6.1 -10366
6.2 -4957
6.3 -3926
6.4 -10240
6.5 -2341
6.6 -6095
6.7 -9147
6.8 -1599
6.9 -8429
7.0 -7132
7.1 -2121
7.2 -10196
7.3 -4963
7.4 -3683
7.5 -10161
7.6 -2246
7.7 -6596
7.8 -8723
7.9 -1695
8.0 -8853
8.1 -7136
8.2 -2239
8.3 -10290
8.4 -4199
8.5 -3597
8.6 -9694
8.7 -1840
8.8 -6303
8.9 -8340
9.0 -1416
9.1 -9191
9.2 -6191
9.3 -2700
9.4 -10423
9.5 -3572
9.6 -4753
9.7 -9647
9.8 -1561
9.9 -7386
10.0 -7812
10.1 -1787
10.2 -9921
10.3 -5339
10.4 -3163
10.5 -10252
10.6 -2904
10.7 -4928
10.8 -9347
10.9 -1289
11.0 -7695
11.1 -7070
11.2 -1536
11.3 -9494
11.4 -3287
11.5 -2156
11.6 -7310
11.7 2818
11.8 1603
11.9 4250
12.0 15247
12.1 6010
12.2 10334
12.3 14624
12.4 3799
12.5 13077
12.6 9955
12.7 4140
12.8 14593
12.9 5456
13.0 6147
13.1 13184
13.2 1953
13.3 7971
13.4 11499
13.5 1206
13.6 11669
13.7 8147
13.8 32767
13.9 30768
14.0 32140
14.1 32767
14.2 32767
14.3 32767
14.4 22067
14.5 22593
14.6 15723
14.7 10755
14.8 18265
14.9 10203
15.0 11757
15.1 16180
15.2 7531
15.3 13806
15.4 13443
15.5 7295
15.6 15403
15.7 10236
15.8 7865
15.9 15236
16.0 6924
16.1 9837
16.2 13391
16.3 5184
16.4 12654
16.5 10618
16.6 6018
16.7 14351
16.8 8029
16.9 7376
17.0 13603
17.1 5132
17.2 10719
17.3 9324
17.4 6368
17.5 12280
17.6 3717
17.7 12712
17.8 5194
17.9 8536
18.0 9116
18.1 4428
18.2 11861
18.3 2767
18.4 11049
18.5 5062
18.6 6621
18.7 8949
18.8 2782
18.9 10932
19.0 3005
19.1 5152
19.2 9411
19.3 881
19.4 7873
19.5 6674
19.6 1410
19.7 9707
19.8 3126
19.9 2924
20.0 8977
20.1 694
20.2 4768
20.3 7593
20.4 -267
20.5 6876
20.6 5903
20.7 -96
20.8 8242
20.9 3221
21.0 1398
21.1 8584
21.2 498
21.3 4635
21.4 7897
21.5 768
21.6 8970
21.7 6060
21.8 2355
21.9 10423
22.0 2731
22.1 4776
22.2 9413
22.3 952
22.4 7794
22.5 7153
22.6 1368
22.7 10003
22.8 3856
22.9 2993
23.0 9464
23.1 634
23.2 306
23.3 6193
23.4 7268
23.5 506
23.6 8570
23.7 5133
23.8 1580
23.9 9628
24.0 2188
24.1 3379
24.2 8452
24.3 -206
24.4 6300
24.5 5987
24.6 -353
24.7 7655
24.8 1398
24.9 -489
25.0 5874
25.1 -2795
25.2 878
25.3 4234
25.4 -4028
25.5 2851
25.6 2087
25.7 -3304
25.8 5112
25.9 -1101
26.0 -1457
26.1 5016
26.2 -2959
26.3 -328
26.4 3980
26.5 -4287
26.6 1637
26.7 2620
26.8 -4260
26.9 3682
27.0 465
27.1 -3130
27.2 4869
27.3 -2651
27.4 -879
27.5 3954
27.6 -4581
27.7 1966
27.8 1941
27.9 -4209
28.0 4249
28.1 -811
28.2 -2501
28.3 4504
28.4 -3738
28.5 -233
28.6 3369
28.7 -4743
28.8 2464
28.9 989
29.0 -4038
29.1 4411
29.2 -1766
29.3 -2194
29.4 4163
29.5 -4466
29.6 409
29.7 2593
29.8 -4736
29.9 3274
30.0 64
30.1 -3654
30.2 4477
30.3 -2248
30.4 -2082
30.5 4237
30.6 -4003
30.7 220
30.8 3239
30.9 -4146
31.0 7173
31.1 5747
31.2 1225
31.3 9688
31.4 2322
31.5 1729
31.6 7514
31.7 -1516
31.8 3935
31.9 6419
32.0 501
32.1 8677
32.2 5785
32.3 3963
32.4 12592
32.5 5329
32.6 5940
32.7 11253
32.8 2421
32.9 8281
33.0 8727
33.1 1993
33.2 10299
33.3 5537
33.4 3064
33.5 10339
33.6 2199
33.7 5316
33.8 10271
33.9 2133
34.0 8866
34.1 8620
34.2 2240
34.3 10549
34.4 5834
34.5 3120
34.6 10809
34.7 2673
34.8 4933
34.9 9277
35.0 398
35.1 7317
35.2 6709
35.3 254
35.4 9054
35.5 1504
35.6 2983
35.7 4216
35.8 -1301
35.9 7732
36.0 -1277
36.1 6976
36.2 1745
36.3 2418
36.4 5678
36.5 -1141
36.6 7484
36.7 -1813
36.8 4986
36.9 2183
37.0 409
37.1 6107
37.2 -2499
37.3 6747
37.4 -976
37.5 2692
37.6 3292
37.7 -1404
37.8 6200
37.9 -3247
38.0 4488
38.1 3217
38.2 -2392
38.3 6251
38.4 894
38.5 -612
38.6 6402
38.7 -2279
38.8 1379
38.9 4385
39.0 -3807
39.1 4132
39.2 1381
39.3 -2803
39.4 5566
39.5 -2076
39.6 -669
39.7 4553
39.8 -4106
39.9 2532
40.0 2731
40.1 -3476
40.2 5059
40.3 -72
40.4 -2571
40.5 5391
40.6 -2623
40.7 -1512
40.8 3934
40.9 -4954
41.0 1487
41.1 2000
41.2 -4448
41.3 4269
41.4 -1061
41.5 -2819
41.6 4389
41.7 -4213
41.8 -3217
41.9 4329
42.0 -3239
42.1 -1635
42.2 3452
42.3 -5341
42.4 905
42.5 1530
42.6 -5465
42.7 2415
42.8 -92
42.9 -4450
43.0 4064
43.1 -3290
43.2 -2392
43.3 3350
43.4 -5578
43.5 411
43.6 1343
43.7 -5584
43.8 3642
43.9 -4326
44.0 -1808
44.1 2745
44.2 -5874
44.3 398
44.4 1302
44.5 -5619
44.6 2924
44.7 -1709
44.8 -4180
44.9 3598
45.0 -4712
45.1 -1474
45.2 2176
45.3 -6127
45.4 1611
45.5 -265
45.6 -5314
45.7 3086
45.8 -3315
45.9 -3340
46.0 3003
46.1 -5619
46.2 -4916
46.3 -1927
46.4 2288
46.5 -6235
46.6 744
46.7 290
46.8 -5459
46.9 3397
47.0 -5942
47.1 819
47.2 -1620
47.3 -3720
47.4 2266
47.5 -6360
47.6 1342
47.7 -470
47.8 -5539
47.9 3043
48.0 1665
48.1 -6415
48.2 1577
48.3 -1041
48.4 -5355
48.5 3175
48.6 -4087
48.7 -3006
48.8 2542
48.9 -6418
49.0 -1011
49.1 1125
49.2 -6559
49.3 1476
49.4 -1217
49.5 -5497
49.6 3022
49.7 -4141
49.8 -3471
49.9 2551
50.0 -6444
50.1 -929
50.2 787
50.3 -6550
50.4 1811
50.5 -1817
50.6 -5422
50.7 2832
50.8 -4548
50.9 -3158
51.0 2063
51.1 -6746
51.2 -269
51.3 -56
51.4 -6437
51.5 2334
51.6 -2984
51.7 -4711
51.8 2696
51.9 -5727
52.0 -2327
52.1 1374
52.2 -6953
52.3 604
52.4 -962
52.5 -6048
52.6 2519
52.7 -3596
52.8 -4984
52.9 2520
53.0 -5846
53.1 -3077
53.2 1636
53.3 -7124
53.4 -701
53.5 -51
53.6 -6762
53.7 1861
53.8 -2822
53.9 -5090
54.0 2690
54.1 -5539
54.2 -2476
54.3 1837
54.4 -6526
54.5 681
54.6 250
54.7 -5806
54.8 2768
54.9 -2717
55.0 -4141
55.1 2861
55.2 -5757
55.3 -1534
55.4 1396
55.5 -6436
55.6 1472
55.7 -1122
55.8 -5379
55.9 3063
56.0 -4020
56.1 -3213
56.2 2405
56.3 -6294
56.4 -618
56.5 621
56.6 -5740
56.7 2892
56.8 -3003
56.9 -4127
57.0 2958
57.1 -4827
57.2 -2455
57.3 2017
57.4 -6542
57.5 451
57.6 -103
57.7 -5852
57.8 2792
57.9 -3025
58.0 -4093
58.1 2813
58.2 -5794
58.3 -1474
58.4 1401
58.5 -6415
58.6 1338
58.7 -803
58.8 -5410
58.9 3043
59.0 -3843
59.1 -3352
59.2 2057
59.3 -6933
59.4 -909
59.5 291
59.6 -7470
59.7 1322
59.8 -2907
59.9 -4574
60.0 3775
60.1 -3532
60.2 -336
60.3 3813
60.4 -4794
60.5 1879
60.6 2282
60.7 -4300
60.8 4139
60.9 -192
61.0 -2890
61.1 4900
61.2 -3204
61.3 -532
61.4 3664
61.5 -5139
61.6 790
61.7 -1011
61.8 -4180
61.9 7817
62.0 1799
62.1 1584
62.2 8639
62.3 -65
62.4 8383
62.5 13552
62.6 3730
62.7 15232
62.8 3575
62.9 8279
63.0 9697
63.1 2484
63.2 14463
63.3 2676
63.4 12046
63.5 4939
63.6 -4435
63.7 -7519
63.8 -15377
63.9 -6396
64.0 -15675
64.1 -9092
64.2 -9975
64.3 -11878
64.4 -5717
64.5 -13684
64.6 -4389
64.7 -11886
64.8 -8407
64.9 -7350
65.0 -12034
65.1 -4093
65.2 -13547
65.3 -5534
65.4 -9305
65.5 -9637
65.6 -4801
65.7 -12944
65.8 -5718
65.9 -6303
66.0 -12096
66.1 -3801
66.2 -8036
66.3 -10603
66.4 -2827
66.5 -10923
66.6 -7691
66.7 -3975
66.8 -12100
66.9 -4335
67.0 -6509
67.1 -10988
67.2 -2785
67.3 -10095
67.4 -9039
67.5 -3450
67.6 -12196
67.7 -5600
67.8 -4004
67.9 -12144
68.0 -5654
68.1 -5008
68.2 -11391
68.3 -2730
68.4 -7632
68.5 -9716
68.6 -2024
68.7 -10303
68.8 -7322
68.9 -2993
69.0 -11515
69.1 -4390
69.2 -4424
69.3 -11146
69.4 -3044
69.5 -5581
69.6 -10295
69.7 -1610
69.8 -8149
69.9 -8412
70.0 -1704
70.1 -10162
70.2 -6174
70.3 -2768
70.4 -11005
70.5 -3555
70.6 -4734
70.7 -10278
70.8 -1444
70.9 -6973
71.0 -8655
71.1 -994
71.2 -9142
71.3 -5844
71.4 -1942
71.5 -10325
71.6 -3186
71.7 -3756
71.8 -9704
71.9 -1062
72.0 -6025
72.1 -8180
72.2 -616
72.3 -8594
72.4 -5930
72.5 -1452
72.6 -10019
72.7 -3288
72.8 -3330
72.9 -9550
73.0 -1393
73.1 -6502
73.2 -8449
73.3 -1014
73.4 -9005
73.5 -5972
73.6 -1898
73.7 -10274
73.8 -2923
73.9 -4069
74.0 -9553
74.1 -661
74.2 -6515
74.3 -8123
74.4 -484
74.5 -7773
74.6 -6514
