#Press Ctrl-C to quit...
#channel 0 minus channel 1
0 -28
0.1 -27
0.2 -24
0.3 -30
0.4 -24
0.5 -29
0.6 -25
0.7 -27
0.8 -28
0.9 -24
1.0 -30
1.1 -23
1.2 -29
1.3 -26
1.4 -26
1.5 -29
1.6 -24
1.7 -27
1.8 -29
1.9 -24
2.0 -29
2.1 -26
2.2 -24
2.3 -30
2.4 -25
2.5 -26
2.6 -29
2.7 -24
2.8 -28
2.9 -28
3.0 -23
3.1 -29
3.2 -25
3.3 -25
3.4 -29
3.5 -25
3.6 -27
3.7 -29
3.8 -24
3.9 -29
4.0 -27
4.1 -24
4.2 -29
4.3 -25
4.4 -26
4.5 -30
4.6 -24
4.7 -28
4.8 -29
4.9 -24
5.0 -29
5.1 -27
5.2 -24
5.3 -29
5.4 -27
5.5 -24
5.6 -30
5.7 -25
5.8 -27
5.9 -29
6.0 -25
6.1 -28
6.2 -28
6.3 -23
6.4 -29
6.5 -26
6.6 -24
6.7 -30
6.8 -24
6.9 -29
7.0 -26
7.1 -25
7.2 -29
7.3 -24
7.4 -29
7.5 -24
7.6 -28
7.7 -28
7.8 -24
7.9 -29
8.0 -24
8.1 -29
8.2 -25
8.3 -27
8.4 -28
8.5 -25
8.6 -30
8.7 -24
8.8 -29
8.9 -25
9.0 -27
9.1 -29
9.2 -24
9.3 -30
9.4 -24
9.5 -28
9.6 -27
9.7 -25
9.8 -30
9.9 -24
10.0 -29
10.1 -25
10.2 -27
10.3 -27
10.4 -25
10.5 -30
10.6 -25
10.7 -27
10.8 -29
10.9 -24
11.0 -28
11.1 -27
11.2 -24
11.3 -30
11.4 -26
11.5 -25
11.6 -30
11.7 -25
11.8 -28
11.9 -29
12.0 -24
12.1 -29
12.2 -28
12.3 -24
12.4 -28
12.5 -26
12.6 -25
12.7 -30
12.8 -26
12.9 -26
13.0 -30
13.1 -24
13.2 -28
13.3 -29
13.4 -24
13.5 -29
13.6 -27
13.7 -24
13.8 -30
13.9 -25
14.0 -26
14.1 -30
14.2 -24
14.3 -28
14.4 -28
14.5 -24
14.6 -29
14.7 -26
14.8 -24
14.9 -30
15.0 -26
15.1 -26
15.2 -30
15.3 -24
15.4 -28
15.5 -28
15.6 -23
15.7 -29
15.8 -27
15.9 -24
16.0 -29
16.1 -25
16.2 -26
16.3 -30
16.4 -24
16.5 -28
16.6 -31
16.7 -22
16.8 -31
16.9 -27
17.0 -21
17.1 -32
17.2 -24
17.3 -25
17.4 -34
17.5 -21
17.6 -29
17.7 -33
17.8 -19
17.9 -31
18.0 -29
18.1 -19
18.2 -34
18.3 -24
18.4 -22
18.5 -36
18.6 -21
18.7 -28
18.8 -34
18.9 -18
19.0 -32
19.1 -30
19.2 -17
19.3 -37
19.4 -22
19.5 -22
19.6 -39
19.7 -18
19.8 -30
19.9 -37
20.0 -14
20.1 -59
20.2 388
20.3 1397
20.4 1487
20.5 32767
20.6 32767
20.7 32767
20.8 32767
20.9 32767
21.0 32767
21.1 29328
21.2 32767
21.3 2864
21.4 9243
21.5 32767
21.6 -11994
21.7 22256
21.8 -23973
21.9 -30915
22.0 -12441
22.1 -32768
22.2 -23357
22.3 6095
22.4 -32768
22.5 9415
22.6 6404
22.7 -30491
22.8 32028
22.9 -7422
23.0 -13883
23.1 32767
23.2 -18404
23.3 -389
23.4 25951
23.5 -32098
23.6 10264
23.7 18404
23.8 -31105
23.9 17205
24.0 13389
24.1 -27367
24.2 24798
24.3 6767
24.4 -22497
24.5 31266
24.6 -903
24.7 -8396
24.8 32767
24.9 -14784
25.0 20309
25.1 10465
25.2 -7723
25.3 30825
25.4 -14625
25.5 29682
25.6 -924
25.7 4725
25.8 23244
25.9 -12758
26.0 32007
26.1 -9821
26.2 20579
26.3 10149
26.4 -779
26.5 27296
26.6 -12050
26.7 26664
26.8 -3932
26.9 11549
27.0 19112
27.1 -10331
27.2 27699
27.3 -9730
27.4 19853
27.5 1545
27.6 -702
27.7 23090
27.8 -13755
27.9 28900
28.0 -10446
28.1 15774
28.2 9527
28.3 -6455
28.4 27287
28.5 -12606
28.6 22049
28.7 5352
28.8 -8876
28.9 25971
29.0 -8079
29.1 3930
29.2 24444
29.3 -12498
29.4 16603
29.5 15954
29.6 -14930
29.7 22035
29.8 2485
29.9 -9444
30.0 25174
30.1 -7199
30.2 683
30.3 25280
30.4 -11625
30.5 10738
30.6 20768
30.7 -12393
30.8 26393
30.9 11054
31.0 -12616
31.1 27368
31.2 -6631
31.3 -1839
31.4 25850
31.5 -13239
31.6 12970
31.7 17635
31.8 -18281
31.9 18788
32.0 3727
32.1 -13609
32.2 23809
32.3 -9196
32.4 1398
32.5 24552
32.6 -13627
32.7 12944
32.8 14588
32.9 -17850
33.0 20711
33.1 433
33.2 -11545
33.3 24740
33.4 -12765
33.5 4625
33.6 21963
33.7 -17071
33.8 16376
33.9 8389
34.0 -15346
34.1 21940
34.2 -7847
34.3 -10889
34.4 23717
34.5 -18948
34.6 10023
34.7 11260
34.8 -22160
34.9 19747
35.0 48
35.1 -14964
35.2 24102
35.3 -12287
35.4 -7699
35.5 28822
35.6 -10296
35.7 7719
35.8 28742
35.9 -17359
36.0 16697
36.1 16365
36.2 -20438
36.3 20004
36.4 -8091
36.5 -10481
36.6 25399
36.7 -12157
36.8 8976
36.9 22045
37.0 -19290
37.1 20783
37.2 9728
37.3 -17752
37.4 29255
37.5 -8743
37.6 -369
37.7 32767
37.8 -25459
37.9 24720
38.0 -32768
38.1 32767
38.2 16702
38.3 -25891
38.4 78
38.5 -32768
38.6 -31
38.7 -27
38.8 -29
38.9 -26
39.0 -28
39.1 -28
39.2 -26
39.3 -28
39.4 -28
39.5 -26
39.6 -28
39.7 -26
39.8 -26
39.9 -29
40.0 -25
40.1 -29
40.2 -31
40.3 -17
40.4 -822
40.5 380
40.6 871
40.7 -1244
40.8 878
40.9 229
41.0 -1052
41.1 941
41.2 -650
41.3 -641
41.4 988
41.5 -955
41.6 32767
41.7 32767
41.8 32767
41.9 861
42.0 -70
42.1 -847
42.2 922
42.3 -837
42.4 -237
42.5 1109
42.6 -35
42.7 -25
42.8 -22
42.9 -31
43.0 -24
43.1 -27
43.2 -29
43.3 -23
43.4 -31
43.5 -25
43.6 -29
43.7 -26
43.8 -26
43.9 -29
44.0 -24
44.1 -29
44.2 -25
44.3 -28
44.4 -28
44.5 -24
44.6 -30
44.7 -24
44.8 -29
44.9 -26
45.0 -27
45.1 -29
45.2 -24
45.3 -30
45.4 -25
45.5 -28
45.6 -25
45.7 -26
45.8 -29
45.9 -24
46.0 -29
46.1 -24
46.2 -28
46.3 -27
46.4 -25
46.5 -29
46.6 -24
46.7 -29
46.8 -26
46.9 -25
47.0 -29
47.1 -24
47.2 -27
47.3 -29
47.4 -24
47.5 -29
47.6 -27
47.7 -24
47.8 -30
47.9 -24
48.0 -25
48.1 -31
48.2 -22
48.3 -29
48.4 -30
48.5 -20
48.6 -32
48.7 -25
48.8 -22
48.9 -33
49.0 -22
49.1 -28
49.2 -32
49.3 -18
49.4 -32
49.5 -27
49.6 -19
49.7 -35
49.8 -22
49.9 -23
50.0 -37
50.1 -18
50.2 -29
50.3 -35
50.4 1767
50.5 -1458
50.6 32767
50.7 32767
50.8 32767
50.9 32767
51.0 32767
51.1 32767
51.2 27000
51.3 32767
51.4 19181
51.5 10925
51.6 32744
51.7 -4982
51.8 13280
51.9 17028
52.0 -22652
52.1 28784
52.2 -19736
52.3 -11554
52.4 27829
52.5 -21507
52.6 3396
52.7 24024
52.8 -12215
52.9 17676
53.0 15723
53.1 -8766
53.2 24792
53.3 1361
53.4 -3115
53.5 24641
53.6 -6534
53.7 11592
53.8 20268
53.9 -9441
54.0 18913
54.1 11888
54.2 -7523
54.3 22246
54.4 -3302
54.5 308
54.6 22038
54.7 -8269
54.8 16401
54.9 12913
55.0 -10104
55.1 20663
55.2 -1657
55.3 -1572
55.4 21453
55.5 -9340
55.6 12817
55.7 14630
55.8 -9287
55.9 18348
56.0 -1562
56.1 -7294
56.2 19742
56.3 -9870
56.4 9287
56.5 13424
56.6 -15523
56.7 19659
56.8 -2575
56.9 -9704
57.0 20917
57.1 -17919
57.2 7951
57.3 14096
57.4 -15252
57.5 16752
57.6 661
57.7 -10732
57.8 20496
57.9 -7227
58.0 -1438
58.1 18090
58.2 -12090
58.3 12950
58.4 10202
58.5 -11419
58.6 17715
58.7 -4690
58.8 -3764
58.9 19623
59.0 -9597
59.1 11725
59.2 12893
59.3 -9603
59.4 21163
59.5 1496
59.6 1676
59.7 26342
59.8 -5693
59.9 15888
60.0 20214
60.1 -9249
60.2 21014
60.3 6750
60.4 -8455
60.5 23437
60.6 -4632
60.7 1914
60.8 20037
60.9 -9620
61.0 14502
61.1 10304
61.2 -10740
61.3 17339
61.4 13984
61.5 -10594
61.6 20696
61.7 -8917
61.8 19552
61.9 930
62.0 1702
62.1 19630
62.2 -11980
62.3 21189
62.4 -9188
62.5 14537
62.6 3296
62.7 -3782
62.8 17644
62.9 -12408
63.0 18953
63.1 -8736
63.2 11683
63.3 3711
63.4 -6479
63.5 21242
63.6 -14009
63.7 17030
63.8 -7384
63.9 8594
64.0 7874
64.1 -9551
64.2 18571
64.3 -12655
64.4 16421
64.5 -6201
64.6 4047
64.7 10448
64.8 -13660
64.9 16012
65.0 -771
65.1 -9911
65.2 18453
65.3 -8947
65.4 4695
65.5 16395
65.6 -14704
65.7 11305
65.8 -643
65.9 -8013
66.0 -12314
66.1 -32768
66.2 -16508
66.3 -27265
66.4 -32768
66.5 -2485
66.6 -30069
66.7 -27271
66.8 -718
66.9 -32768
67.0 -17302
67.1 -10345
67.2 -32768
67.3 3270
67.4 -27459
67.5 -32768
67.6 -32768
67.7 -32768
67.8 -32768
67.9 -32768
68.0 -32768
68.1 -32768
68.2 -32768
68.3 -32768
68.4 -32768
68.5 -32768
68.6 -32768
68.7 -32768
68.8 -32768
68.9 -32768
69.0 -32768
69.1 -32768
69.2 -32768
69.3 -32768
69.4 -32768
69.5 -32768
69.6 -32768
69.7 -32768
69.8 -32768
69.9 -32768
70.0 -32768
70.1 -32768
70.2 -32768
70.3 -14661
70.4 -32768
70.5 -23453
70.6 -7969
70.7 -32768
70.8 12054
70.9 -32330
71.0 -2043
71.1 -1706
71.2 -20499
71.3 21160
71.4 -26139
71.5 24211
71.6 -13056
71.7 8872
71.8 8006
71.9 -8844
72.0 23913
72.1 -24156
72.2 32767
72.3 -23195
72.4 21165
72.5 8025
72.6 1219
72.7 30491
72.8 -6790
72.9 32767
73.0 7389
73.1 22104
73.2 26038
73.3 8943
73.4 32767
73.5 7557
73.6 32767
73.7 17899
73.8 26671
73.9 32767
74.0 21235
74.1 32767
74.2 31432
74.3 28198
74.4 32767
74.5 28509
74.6 32767
74.7 32767
74.8 26363
74.9 32767
75.0 32767
75.1 23990
75.2 32767
75.3 29936
75.4 32013
75.5 32767
75.6 16689
75.7 30426
75.8 32638
75.9 6218
76.0 32767
76.1 18611
76.2 2801
76.3 32569
76.4 -2981
76.5 7798
76.6 28015
76.7 -4521
76.8 27149
76.9 25574
77.0 3729
77.1 32767
77.2 18068
77.3 14160
77.4 32767
77.5 6872
77.6 25262
77.7 31002
77.8 1171
77.9 30455
78.0 14160
78.1 -8083
78.2 25498
78.3 -7025
78.4 -914
78.5 25449
78.6 -11442
78.7 16028
78.8 15564
78.9 -13217
79.0 23277
79.1 2313
79.2 -6586
79.3 25231
79.4 -5781
79.5 -318
79.6 26015
79.7 -13353
79.8 22359
79.9 -6384
80.0 9155
80.1 18334
80.2 -11906
80.3 25897
80.4 -12112
80.5 20477
80.6 4137
80.7 -3961
80.8 23032
80.9 -13836
81.0 24305
81.1 -5499
81.2 10030
81.3 17663
81.4 -4717
81.5 31232
81.6 -9588
81.7 20959
81.8 -5869
81.9 2394
82.0 16636
82.1 -15288
82.2 24513
82.3 -16068
82.4 17657
82.5 -1351
82.6 -714
82.7 18467
82.8 -13715
82.9 23383
