#Press Ctrl-C to quit...
#channel 0 minus channel 1
0 17
0.1 12
0.2 9
0.3 7
0.4 9
0.5 9
0.6 16
0.7 16
0.8 15
0.9 11
1.0 9
1.1 7
1.2 9
1.3 10
1.4 15
1.5 17
1.6 16
1.7 12
1.8 7
1.9 7
2.0 9
2.1 11
2.2 16
2.3 16
2.4 16
2.5 14
2.6 8
2.7 7
2.8 8
2.9 11
3.0 16
3.1 20
3.2 19
3.3 8
3.4 9
3.5 5
3.6 2
3.7 19
3.8 22
3.9 20
4.0 19
4.1 9
4.2 8
4.3 15
4.4 15
4.5 10
4.6 8
4.7 8
4.8 14
4.9 15
5.0 17
5.1 16
5.2 13
5.3 11
5.4 8
5.5 8
5.6 13
5.7 13
5.8 17
5.9 17
6.0 18
6.1 7
6.2 8
6.3 8
6.4 13
6.5 16
6.6 17
6.7 16
6.8 14
6.9 10
7.0 7
7.1 9
7.2 10
7.3 15
7.4 17
7.5 15
7.6 13
7.7 9
7.8 7
7.9 8
8.0 11
8.1 16
8.2 18
8.3 14
8.4 7
8.5 9
8.6 15
8.7 16
8.8 14
8.9 8
9.0 11
9.1 16
9.2 13
9.3 7
9.4 9
9.5 16
9.6 17
9.7 8
9.8 4
9.9 13
10.0 17
10.1 16
10.2 6
10.3 10
10.4 16
10.5 17
10.6 8
10.7 9
10.8 11
10.9 17
11.0 14
11.1 9
11.2 11
11.3 17
11.4 15
11.5 8
11.6 8
11.7 16
11.8 16
11.9 9
12.0 8
12.1 13
12.2 16
12.3 13
12.4 7
12.5 10
12.6 17
12.7 15
12.8 8
12.9 9
13.0 13
13.1 17
13.2 13
13.3 9
13.4 11
13.5 17
13.6 14
13.7 7
13.8 10
13.9 16
14.0 15
14.1 9
14.2 9
14.3 13
14.4 16
14.5 12
14.6 7
14.7 9
14.8 17
14.9 14
15.0 7
15.1 6
15.2 16
15.3 18
15.4 13
15.5 3
15.6 8
15.7 21
15.8 19
15.9 1
16.0 -1
16.1 24
16.2 21
16.3 4
16.4 -1
16.5 21
16.6 19
16.7 11
16.8 5
16.9 8
17.0 17
17.1 16
17.2 5
17.3 9
17.4 18
17.5 18
17.6 6
17.7 8
17.8 15
17.9 17
18.0 13
18.1 5
18.2 10
18.3 18
18.4 15
18.5 6
18.6 8
18.7 17
18.8 16
18.9 8
19.0 7
19.1 17
19.2 17
19.3 9
19.4 7
19.5 13
19.6 17
19.7 13
19.8 7
19.9 8
20.0 18
20.1 14
20.2 7
20.3 8
20.4 16
20.5 16
20.6 7
20.7 8
20.8 18
20.9 16
21.0 5
21.1 -1
21.2 27
21.3 28
21.4 29
21.5 23
21.6 10
21.7 3
21.8 3
21.9 6
22.0 13
22.1 17
22.2 18
22.3 15
22.4 9
22.5 7
22.6 9
22.7 11
22.8 16
22.9 17
23.0 16
23.1 13
23.2 8
23.3 6
23.4 10
23.5 12
23.6 16
23.7 16
23.8 14
23.9 13
24.0 8
24.1 7
24.2 5
24.3 23
24.4 26
24.5 26
24.6 17
24.7 -3
24.8 -6
24.9 2
25.0 33
25.1 27
25.2 -14
25.3 -13
25.4 34
25.5 69
25.6 76
25.7 -3
25.8 -54
25.9 12
26.0 84
26.1 40
26.2 -61
26.3 -32
26.4 81
26.5 63
26.6 -50
26.7 -53
26.8 53
26.9 85
27.0 3
27.1 -65
27.2 -5
27.3 89
27.4 34
27.5 -64
27.6 -30
27.7 93
27.8 67
27.9 -59
28.0 -51
28.1 71
28.2 83
28.3 -15
28.4 -65
28.5 -4
28.6 93
28.7 52
28.8 -67
28.9 -37
29.0 92
29.1 59
29.2 -66
29.3 -46
29.4 81
29.5 81
29.6 -50
29.7 -63
29.8 -45
29.9 46
30.0 95
30.1 93
30.2 60
30.3 -35
30.4 -1669
30.5 -1416
30.6 5113
30.7 5463
30.8 5583
30.9 5619
31.0 5665
31.1 5699
31.2 5721
31.3 5732
31.4 5721
31.5 5709
31.6 5689
31.7 5663
31.8 5638
31.9 5610
32.0 5578
32.1 5549
32.2 5521
32.3 5493
32.4 5466
32.5 5445
32.6 5417
32.7 5392
32.8 5370
32.9 5344
33.0 5322
33.1 5307
33.2 5284
33.3 5262
33.4 5239
33.5 5220
33.6 5206
33.7 5186
33.8 5160
33.9 5140
34.0 5123
34.1 5109
34.2 5087
34.3 5066
34.4 5052
34.5 5040
34.6 5025
34.7 4996
34.8 4975
34.9 4968
35.0 4951
35.1 4928
35.2 4908
35.3 4896
35.4 4885
35.5 4865
35.6 4846
35.7 4826
35.8 4822
35.9 4805
36.0 4782
36.1 4765
36.2 4758
36.3 4746
36.4 4723
36.5 4712
36.6 4696
36.7 4690
36.8 4672
36.9 4653
37.0 4633
37.1 4632
37.2 4616
37.3 4593
37.4 4578
37.5 4573
37.6 4564
37.7 4543
37.8 4527
37.9 4519
38.0 4511
38.1 4497
38.2 4483
38.3 4469
38.4 4453
38.5 4439
38.6 4430
38.7 4426
38.8 4416
38.9 4406
39.0 4388
39.1 4372
39.2 4358
39.3 4347
39.4 4337
39.5 4332
39.6 4328
39.7 4314
39.8 4297
39.9 4282
40.0 4268
40.1 4258
40.2 4255
40.3 4249
40.4 4242
40.5 4229
40.6 4213
40.7 4199
40.8 4185
40.9 4179
41.0 4174
41.1 4169
41.2 4165
41.3 4150
41.4 4132
41.5 4119
41.6 4108
41.7 4108
41.8 4099
41.9 4086
42.0 4066
42.1 4064
42.2 4066
42.3 4053
42.4 4032
42.5 4021
42.6 4017
42.7 4017
42.8 3996
42.9 3981
43.0 3979
43.1 3975
43.2 3962
43.3 3948
43.4 3943
43.5 3943
43.6 3926
43.7 3910
43.8 3905
43.9 3908
44.0 3892
44.1 3876
44.2 3867
44.3 3872
44.4 3860
44.5 3844
44.6 3830
44.7 3834
44.8 3825
44.9 3805
45.0 3799
45.1 3798
45.2 3793
45.3 3779
45.4 3761
45.5 3759
45.6 3759
45.7 3747
45.8 3728
45.9 3722
46.0 3728
46.1 3712
46.2 3693
46.3 3688
46.4 3692
46.5 3683
46.6 3668
46.7 3655
46.8 3645
46.9 3639
47.0 3638
47.1 3634
47.2 3624
47.3 3614
47.4 3594
47.5 3584
47.6 3580
47.7 3573
47.8 3572
47.9 3574
48.0 3561
48.1 3549
48.2 3538
48.3 3524
48.4 3518
48.5 3514
48.6 3518
48.7 3506
48.8 3497
48.9 3485
49.0 3471
49.1 3461
49.2 3460
49.3 3459
49.4 3453
49.5 3442
49.6 3430
49.7 3418
49.8 3405
49.9 3402
50.0 3407
50.1 3400
50.2 3378
50.3 3370
50.4 3373
50.5 3367
50.6 3351
50.7 3335
50.8 3342
50.9 3336
51.0 3320
51.1 3303
51.2 3305
51.3 3309
51.4 3290
51.5 3277
51.6 3274
51.7 3276
51.8 3266
51.9 3246
52.0 3244
52.1 3243
52.2 3238
52.3 3218
52.4 3214
52.5 3218
52.6 3209
52.7 3192
52.8 3177
52.9 3188
53.0 3186
53.1 3166
53.2 3152
53.3 3153
53.4 3156
53.5 3144
53.6 3119
53.7 3122
53.8 3126
53.9 3118
54.0 3097
54.1 3091
54.2 3093
54.3 3090
54.4 3070
54.5 3061
54.6 3063
54.7 3064
54.8 3047
54.9 3031
55.0 3035
55.1 3035
55.2 3021
55.3 3003
55.4 2998
55.5 3006
55.6 3000
55.7 2977
55.8 2965
55.9 2971
56.0 2970
56.1 2960
56.2 2939
56.3 2933
56.4 2943
56.5 2932
56.6 2914
56.7 2904
56.8 2908
56.9 2906
57.0 2892
57.1 2876
57.2 2874
57.3 2880
57.4 2866
57.5 2851
57.6 2840
57.7 2843
57.8 2847
57.9 2829
58.0 2814
58.1 2819
58.2 2821
58.3 2803
58.4 2788
58.5 2785
58.6 2788
58.7 2783
58.8 2762
58.9 2753
59.0 2756
59.1 2756
59.2 2739
59.3 2725
59.4 2727
59.5 2727
59.6 2718
59.7 2701
59.8 2697
59.9 2700
60.0 2691
60.1 2675
60.2 2663
60.3 2672
60.4 2667
60.5 2652
60.6 2638
60.7 2642
60.8 2644
60.9 2629
61.0 2612
61.1 2610
61.2 2615
61.3 2609
61.4 2586
61.5 2580
61.6 2583
61.7 2579
61.8 2569
61.9 2552
62.0 2559
62.1 2558
62.2 2544
62.3 2528
62.4 2526
62.5 2528
62.6 2519
62.7 2506
62.8 2496
62.9 2505
63.0 2502
63.1 2482
63.2 2470
63.3 2469
63.4 2475
63.5 2464
63.6 2448
63.7 2442
63.8 2448
63.9 2442
64.0 2423
64.1 2416
64.2 2418
64.3 2420
64.4 2406
64.5 2390
64.6 2391
64.7 2396
64.8 2383
64.9 2364
65.0 2364
65.1 2372
65.2 2362
65.3 2345
65.4 2338
65.5 2338
65.6 2341
65.7 2323
65.8 2309
65.9 2315
66.0 2315
66.1 2306
66.2 2289
66.3 2287
66.4 2292
66.5 2284
66.6 2267
66.7 2262
66.8 2265
66.9 2268
67.0 2250
67.1 2236
67.2 2243
67.3 2245
67.4 2232
67.5 2216
67.6 2212
67.7 2219
67.8 2213
67.9 2196
68.0 2188
68.1 2195
68.2 2190
68.3 2174
68.4 2163
68.5 2168
68.6 2173
68.7 2157
68.8 2144
68.9 2143
69.0 2145
69.1 2138
69.2 2124
69.3 2120
69.4 2122
69.5 2123
69.6 2104
69.7 2094
69.8 2097
69.9 2099
70.0 2084
70.1 2073
70.2 2074
70.3 2080
70.4 2070
70.5 2055
70.6 2047
70.7 2054
70.8 2053
70.9 2034
71.0 2027
71.1 2033
71.2 2032
71.3 2019
71.4 2005
71.5 2007
71.6 2013
71.7 2002
71.8 1985
71.9 1981
72.0 1987
72.1 1986
72.2 1969
72.3 1961
72.4 1964
72.5 1967
72.6 1951
72.7 1941
72.8 1942
72.9 1946
73.0 1931
73.1 1923
73.2 1921
73.3 1924
73.4 1918
73.5 1899
73.6 1894
73.7 1902
73.8 1900
73.9 1887
74.0 1874
74.1 1880
74.2 1884
74.3 1874
74.4 1860
74.5 1855
74.6 1866
74.7 1854
74.8 1841
74.9 1840
75.0 1845
75.1 1842
75.2 1827
75.3 1815
75.4 1823
75.5 1827
75.6 1809
75.7 1801
75.8 1800
75.9 1806
76.0 1795
76.1 1778
76.2 1779
76.3 1786
76.4 1777
76.5 1765
76.6 1758
76.7 1763
76.8 1763
76.9 1752
77.0 1739
77.1 1747
77.2 1747
77.3 1735
77.4 1723
77.5 1727
77.6 1730
77.7 1721
77.8 1707
77.9 1705
78.0 1713
78.1 1708
78.2 1695
78.3 1687
78.4 1694
78.5 1693
78.6 1682
78.7 1678
78.8 1673
78.9 1674
79.0 1668
79.1 1662
79.2 1656
79.3 1654
79.4 1652
79.5 1645
79.6 1640
79.7 1638
79.8 1636
79.9 1631
80.0 1626
80.1 1624
80.2 1621
80.3 1617
80.4 1612
80.5 1608
80.6 1607
80.7 1602
80.8 1596
80.9 1593
81.0 1590
81.1 1589
81.2 1583
81.3 1579
81.4 1574
81.5 1575
81.6 1571
81.7 1565
81.8 1561
81.9 1562
82.0 1556
82.1 1550
82.2 1549
82.3 1546
82.4 1545
82.5 1539
82.6 1535
82.7 1533
82.8 1532
82.9 1523
83.0 1520
83.1 1520
83.2 1519
83.3 1513
83.4 1506
83.5 1507
83.6 1504
83.7 1499
83.8 1491
83.9 1492
84.0 1490
84.1 1486
84.2 1482
84.3 1479
84.4 1478
84.5 1475
84.6 1471
84.7 1465
84.8 1466
84.9 1465
85.0 1459
85.1 1454
85.2 1453
85.3 1451
85.4 1446
85.5 1442
85.6 1439
85.7 1438
85.8 1436
85.9 1434
86.0 1427
86.1 1425
86.2 1424
86.3 1420
86.4 1415
86.5 1413
86.6 1413
86.7 1409
86.8 1403
86.9 1400
87.0 1399
87.1 1397
87.2 1391
87.3 1390
87.4 1386
87.5 1385
87.6 1382
87.7 1375
87.8 1376
87.9 1374
88.0 1371
88.1 1367
88.2 1365
88.3 1362
88.4 1359
88.5 1355
88.6 1354
88.7 1347
88.8 1345
88.9 1343
89.0 1344
89.1 1339
89.2 1337
89.3 1332
89.4 1329
89.5 1329
89.6 1326
89.7 1324
89.8 1325
89.9 1320
90.0 1316
90.1 1315
90.2 1307
90.3 1307
90.4 1305
90.5 1304
90.6 1302
90.7 1299
90.8 1294
90.9 1292
91.0 1289
91.1 1287
91.2 1286
91.3 1284
91.4 1284
91.5 1277
91.6 1274
91.7 1272
91.8 1271
91.9 1270
92.0 1265
92.1 1264
92.2 1263
92.3 1262
92.4 1258
92.5 1253
92.6 1253
92.7 1252
92.8 1249
92.9 1245
93.0 1244
93.1 1244
93.2 1240
93.3 1234
93.4 1234
93.5 1232
93.6 1232
93.7 1227
93.8 1226
93.9 1223
94.0 1224
94.1 1221
94.2 1216
94.3 1216
94.4 1216
94.5 1214
94.6 1207
94.7 1208
94.8 1207
94.9 1203
95.0 1201
95.1 1199
95.2 1196
95.3 1198
95.4 1194
95.5 1189
95.6 1191
95.7 1188
95.8 1187
95.9 1182
96.0 1180
96.1 1183
96.2 1179
96.3 1176
96.4 1174
96.5 1174
96.6 1173
96.7 1170
96.8 1165
96.9 1165
97.0 1165
97.1 1163
97.2 1158
97.3 1159
97.4 1157
97.5 1153
97.6 1154
97.7 1150
97.8 1151
97.9 1151
98.0 1145
98.1 1142
98.2 1142
98.3 1144
98.4 1139
98.5 1137
98.6 1137
98.7 1138
98.8 1134
98.9 1128
99.0 1129
99.1 1131
99.2 1127
99.3 1125
99.4 1123
99.5 1120
99.6 1120
99.7 1121
99.8 1116
99.9 1116
100.0 1116
100.1 1114
100.2 1110
100.3 1108
100.4 1110
100.5 1108
100.6 1105
100.7 1101
100.8 1103
100.9 1102
101.0 1099
101.1 1096
101.2 1096
101.3 1097
101.4 1094
101.5 1090
101.6 1090
101.7 1091
101.8 1087
101.9 1082
102.0 1082
102.1 1083
102.2 1083
102.3 1080
102.4 1077
102.5 1077
102.6 1077
102.7 1075
102.8 1069
102.9 1070
103.0 1072
103.1 1069
103.2 1064
103.3 1065
103.4 1065
103.5 1065
103.6 1063
103.7 1061
103.8 1061
103.9 1059
104.0 1056
104.1 1053
104.2 1051
104.3 1054
104.4 1050
104.5 1047
104.6 1047
104.7 1048
104.8 1045
104.9 1042
105.0 1041
105.1 1041
105.2 1043
105.3 1040
105.4 1038
105.5 1035
105.6 1034
105.7 1032
105.8 1032
105.9 1029
106.0 1030
106.1 1028
106.2 1028
106.3 1025
106.4 1021
106.5 1022
106.6 1019
106.7 1021
106.8 1020
106.9 1019
107.0 1014
107.1 1015
107.2 1013
107.3 1010
107.4 1008
107.5 1010
107.6 1009
107.7 1007
107.8 1004
107.9 1000
108.0 998
108.1 999
108.2 1000
108.3 998
108.4 994
108.5 995
108.6 997
108.7 994
108.8 989
108.9 989
109.0 990
109.1 989
109.2 984
109.3 983
109.4 984
109.5 984
109.6 981
109.7 981
109.8 978
109.9 980
110.0 978
110.1 972
110.2 973
110.3 974
110.4 973
