#Press Ctrl-C to quit...
#channel 0 minus channel 1
0 -496
0.1 -432
0.2 -216
0.3 -319
0.4 -135
0.5 -318
0.6 -379
0.7 -146
0.8 -381
0.9 -216
1.0 -374
1.1 -379
1.2 -155
1.3 -413
1.4 -103
1.5 -408
1.6 -230
1.7 -222
1.8 -323
1.9 -257
2.0 -423
2.1 -136
2.2 -417
2.3 -194
2.4 -306
2.5 -394
2.6 -228
2.7 -488
2.8 -151
2.9 -300
3.0 -310
3.1 -290
3.2 -250
3.3 -125
3.4 -400
3.5 -207
3.6 -392
3.7 -322
3.8 -134
3.9 -403
4.0 -219
4.1 -476
4.2 -205
4.3 -290
4.4 -340
4.5 -363
4.6 -150
4.7 -400
4.8 -347
4.9 -226
5.0 -406
5.1 -242
5.2 -230
5.3 -471
5.4 -247
5.5 -238
5.6 -403
5.7 -132
5.8 -391
5.9 -379
6.0 -144
6.1 -444
6.2 -233
6.3 -190
6.4 -477
6.5 -172
6.6 -313
6.7 -326
6.8 -155
6.9 -456
7.0 -282
7.1 -227
7.2 -430
7.3 -92
7.4 -365
7.5 -428
7.6 -69
7.7 -409
7.8 -249
7.9 -251
8.0 -464
8.1 -171
8.2 -280
8.3 -278
8.4 -189
8.5 -457
8.6 -281
8.7 -194
8.8 -416
8.9 -214
9.0 -289
9.1 -286
9.2 -379
9.3 -157
9.4 -371
9.5 -271
9.6 -166
9.7 -496
9.8 -250
9.9 -216
10.0 -409
10.1 -87
10.2 -347
10.3 -368
10.4 -187
10.5 -417
10.6 -201
10.7 -226
10.8 -453
10.9 -183
11.0 -335
11.1 -307
11.2 -156
11.3 -465
11.4 -289
11.5 -209
11.6 -445
11.7 -173
11.8 -480
11.9 -196
12.0 -236
12.1 -344
12.2 -241
12.3 -430
12.4 -136
12.5 -434
12.6 -188
12.7 -364
12.8 -297
12.9 -203
13.0 -459
13.1 -175
13.2 -453
13.3 -223
13.4 -269
13.5 -407
13.6 -183
13.7 -172
13.8 -395
13.9 -368
14.0 -126
14.1 -419
14.2 -249
14.3 -264
14.4 -463
14.5 -69
14.6 -298
14.7 -433
14.8 -112
14.9 -397
15.0 -355
15.1 -100
15.2 -410
15.3 -271
15.4 -51
15.5 -452
15.6 -160
15.7 -226
15.8 -272
15.9 -287
16.0 -368
16.1 -228
16.2 -260
16.3 -349
16.4 -306
16.5 -323
16.6 -287
16.7 -265
16.8 -324
16.9 -338
17.0 -286
17.1 -237
17.2 -293
17.3 -302
17.4 -423
17.5 -171
17.6 -294
17.7 -344
17.8 -153
17.9 -462
18.0 -268
18.1 -199
18.2 -445
18.3 -152
18.4 -343
18.5 -397
18.6 -34
18.7 -399
18.8 -404
18.9 -286
19.0 -313
19.1 -263
19.2 -251
19.3 -389
19.4 -285
19.5 -388
19.6 -259
19.7 -160
19.8 -513
19.9 -220
20.0 -209
20.1 -432
20.2 -178
20.3 -306
20.4 -414
20.5 -56
20.6 -366
20.7 -261
20.8 -241
20.9 -358
21.0 -171
21.1 -433
21.2 -195
21.3 -459
21.4 -238
21.5 -243
21.6 -333
21.7 -195
21.8 -496
21.9 -138
22.0 -353
22.1 -212
22.2 -252
22.3 -293
22.4 -209
22.5 -378
22.6 -267
22.7 -304
22.8 -469
22.9 -117
23.0 -238
23.1 -410
23.2 -96
23.3 -442
23.4 -318
23.5 -132
23.6 -410
23.7 -218
23.8 -272
23.9 -628
24.0 -190
24.1 -327
24.2 -302
24.3 -223
24.4 -496
24.5 -133
24.6 -295
24.7 -32768
24.8 -32768
24.9 -32768
25.0 -32768
25.1 -32768
25.2 -32768
25.3 -32768
25.4 -2214
25.5 -683
25.6 -260
25.7 -279
25.8 -348
25.9 -249
26.0 -430
26.1 -286
26.2 -181
26.3 -409
26.4 -254
26.5 -314
26.6 -450
26.7 -95
26.8 -319
26.9 -398
27.0 -120
27.1 -466
27.2 -256
27.3 -177
27.4 -445
27.5 -209
27.6 -338
27.7 -342
27.8 -146
27.9 -410
28.0 -248
28.1 -277
28.2 -477
28.3 -179
28.4 -265
28.5 -403
28.6 -165
28.7 -403
28.8 -332
28.9 -197
29.0 -419
29.1 -270
29.2 -305
29.3 -417
29.4 -158
29.5 -277
29.6 -181
29.7 -197
29.8 -411
29.9 -89
30.0 -295
30.1 -340
30.2 -278
30.3 -472
30.4 -133
30.5 -372
30.6 -325
30.7 -270
30.8 -332
30.9 -215
31.0 -295
31.1 -329
31.2 -366
31.3 -190
31.4 -213
31.5 -411
31.6 -159
31.7 -383
31.8 -328
31.9 -142
32.0 -416
32.1 -322
32.2 -260
32.3 -436
32.4 -191
32.5 -244
32.6 -399
32.7 -221
32.8 -389
32.9 -327
33.0 -212
33.1 -411
33.2 -274
33.3 -273
33.4 -422
33.5 -105
33.6 -299
33.7 -427
33.8 -145
33.9 -419
34.0 -263
34.1 -162
34.2 -446
34.3 -220
34.4 -330
34.5 -372
34.6 -139
34.7 -386
34.8 -293
34.9 -211
35.0 -457
35.1 -143
35.2 -254
35.3 -451
35.4 -154
35.5 -365
35.6 -333
35.7 -152
35.8 -443
35.9 -286
36.0 -288
36.1 -357
36.2 -160
36.3 -315
36.4 -383
36.5 -205
36.6 -390
36.7 -273
36.8 -149
36.9 -461
37.0 -255
37.1 -297
37.2 -402
37.3 -63
37.4 -341
37.5 -423
37.6 -117
37.7 -368
37.8 -265
37.9 -176
38.0 -464
38.1 -206
38.2 -235
38.3 -375
38.4 -141
38.5 -413
38.6 -293
38.7 -211
38.8 -356
38.9 -179
39.0 -306
39.1 -327
39.2 -188
39.3 -350
39.4 -299
39.5 -194
39.6 -462
39.7 -299
39.8 -165
39.9 -420
40.0 -183
40.1 -317
40.2 -433
40.3 -146
40.4 -348
40.5 -299
40.6 -211
40.7 -468
40.8 -269
40.9 -243
41.0 -401
41.1 -215
41.2 -352
41.3 -334
41.4 -157
41.5 -395
41.6 -249
41.7 -258
41.8 -352
41.9 -337
42.0 -280
42.1 -30
42.2 -538
42.3 -643
42.4 -673
42.5 -589
42.6 -400
42.7 -445
42.8 -587
42.9 -527
43.0 -491
43.1 -470
43.2 -445
43.3 -563
43.4 -607
43.5 -634
43.6 -518
43.7 -676
43.8 -705
43.9 -638
44.0 -774
44.1 -734
44.2 -736
44.3 -775
44.4 -766
44.5 -828
44.6 -836
44.7 -783
44.8 -847
44.9 -825
45.0 -920
45.1 -945
45.2 -1001
45.3 -6225
45.4 -20731
45.5 -26751
45.6 -29456
45.7 -31513
45.8 -32768
45.9 -32768
46.0 -32768
46.1 -30567
46.2 -28199
46.3 -26872
46.4 -24744
46.5 -23649
46.6 -22749
46.7 -20620
46.8 -19715
46.9 -18501
47.0 -17335
47.1 -17358
47.2 -16168
47.3 -15437
47.4 -15096
47.5 -14172
47.6 -14452
47.7 -13600
47.8 -12236
47.9 -13027
48.0 -12360
48.1 -12406
48.2 -12482
48.3 -11375
48.4 -11497
48.5 -10982
48.6 -11490
48.7 -10711
48.8 -10644
48.9 -10576
49.0 -9676
49.1 -10657
49.2 -9387
49.3 -10271
49.4 -9447
49.5 -9761
49.6 -10009
49.7 -8757
49.8 -9223
49.9 -8812
50.0 -8696
50.1 -9378
50.2 -7777
50.3 -8516
50.4 -8829
50.5 -7633
50.6 -8756
50.7 -8054
50.8 -7549
50.9 -8001
51.0 -7301
51.1 -7793
51.2 -7858
51.3 -7094
51.4 -7675
51.5 -7287
51.6 -6673
51.7 -7968
51.8 -6738
51.9 -6621
52.0 -7118
52.1 -6303
52.2 -6920
52.3 -6827
52.4 -5972
52.5 -6645
52.6 -6323
52.7 -5987
52.8 -6695
52.9 -5634
53.0 -5774
53.1 -6315
53.2 -5606
53.3 -6365
53.4 -5702
53.5 -5226
53.6 -5951
53.7 -5346
53.8 -5896
53.9 -5986
54.0 -4860
54.1 -5818
54.2 -5810
54.3 -4843
54.4 -6034
54.5 -5293
54.6 -4682
54.7 -5825
54.8 -4955
54.9 -5440
55.0 -5586
55.1 -4699
55.2 -5608
55.3 -5013
55.4 -4867
55.5 -5897
55.6 -4595
55.7 -4572
55.8 -5588
55.9 -4656
56.0 -5316
56.1 -5216
56.2 -4467
56.3 -5355
56.4 -4804
56.5 -4965
56.6 -5136
56.7 -4266
56.8 -4654
56.9 -5243
57.0 -4362
57.1 -5337
57.2 -4087
57.3 -4900
57.4 -4898
57.5 -4046
57.6 -4876
57.7 -4150
57.8 -5059
57.9 -4587
58.0 -4270
58.1 -4465
58.2 -4101
58.3 -4654
58.4 -4037
58.5 -4814
58.6 -3698
58.7 -4163
58.8 -4870
58.9 -3906
59.0 -4596
59.1 -4187
59.2 -3839
59.3 -4735
59.4 -4133
59.5 -4132
59.6 -4640
59.7 -3872
59.8 -4610
59.9 -4761
60.0 -3846
60.1 -4612
60.2 -4046
60.3 -3956
60.4 -4924
60.5 -3664
60.6 -4211
60.7 -4347
60.8 -3747
60.9 -4798
61.0 -4069
61.1 -3625
61.2 -4332
61.3 -3397
61.4 -4021
61.5 -4555
61.6 -3502
61.7 -4182
61.8 -4023
61.9 -3597
62.0 -4263
62.1 -3406
62.2 -3775
62.3 -4241
62.4 -3293
62.5 -4037
62.6 -4164
62.7 -3253
62.8 -3971
62.9 -3731
63.0 -3267
63.1 -4352
63.2 -3231
63.3 -3411
63.4 -4006
63.5 -3138
63.6 -4220
63.7 -3794
63.8 -3055
63.9 -3889
64.0 -3281
64.1 -3458
64.2 -4109
64.3 -3080
64.4 -3525
64.5 -3812
64.6 -3082
64.7 -4187
64.8 -2925
64.9 -3015
65.0 -4042
65.1 -2854
65.2 -3935
65.3 -3713
65.4 -2878
65.5 -3848
65.6 -3199
65.7 -3497
65.8 -3673
65.9 -2886
66.0 -3572
66.1 -3593
66.2 -2945
66.3 -3881
66.4 -3546
66.5 -2614
66.6 -3832
66.7 -3117
66.8 -3258
66.9 -3597
67.0 -2673
67.1 -3384
67.2 -3818
67.3 -2956
67.4 -3693
67.5 -3097
67.6 -2688
67.7 -3694
67.8 -2856
67.9 -3313
68.0 -3577
68.1 -2331
68.2 -3631
68.3 -3278
68.4 -2845
68.5 -3638
68.6 -2318
68.7 -3079
68.8 -3681
68.9 -2689
69.0 -3390
69.1 -3131
69.2 -2551
69.3 -3598
69.4 -2913
69.5 -3022
69.6 -3104
69.7 -2410
69.8 -3618
69.9 -3245
70.0 -2791
70.1 -3769
70.2 -2769
70.3 -2556
70.4 -3469
70.5 -2743
70.6 -2906
70.7 -3269
70.8 -2651
70.9 -3304
71.0 -3443
71.1 -2660
71.2 -3369
71.3 -2562
71.4 -2653
71.5 -3441
71.6 -2632
71.7 -2978
71.8 -3113
71.9 -2361
72.0 -3311
72.1 -2942
72.2 -2471
72.3 -3260
72.4 -2128
72.5 -2910
72.6 -3360
72.7 -2328
72.8 -3228
72.9 -2629
73.0 -2445
73.1 -3331
73.2 -2498
73.3 -2906
73.4 -2616
73.5 -2335
73.6 -3571
73.7 -2879
73.8 -2274
73.9 -3402
74.0 -2340
74.1 -2409
74.2 -3232
74.3 -2279
74.4 -2697
74.5 -2858
74.6 -2559
74.7 -3006
74.8 -3081
74.9 -2464
75.0 -3098
75.1 -2605
75.2 -2889
75.3 -2823
75.4 -2043
75.5 -2899
75.6 -2259
75.7 -2874
75.8 -2814
75.9 -2020
76.0 -3139
76.1 -2101
76.2 -3356
76.3 -2173
76.4 -2184
76.5 -2903
76.6 -2234
76.7 -3057
76.8 -1931
76.9 -2546
77.0 -2951
77.1 -1989
77.2 -3167
77.3 -2694
77.4 -1890
77.5 -3024
77.6 -2241
77.7 -2564
77.8 -2913
77.9 -1870
78.0 -2607
78.1 -2774
78.2 -2226
78.3 -3075
78.4 -2174
78.5 -1992
78.6 -2893
78.7 -2019
78.8 -2762
78.9 -2705
79.0 -1791
79.1 -3032
79.2 -2587
79.3 -2319
79.4 -2843
79.5 -1670
79.6 -2382
79.7 -2844
79.8 -2538
79.9 -2655
80.0 -2245
80.1 -2152
80.2 -2895
80.3 -2228
80.4 -2311
80.5 -2857
80.6 -1724
80.7 -2759
80.8 -3067
80.9 -1974
81.0 -2863
81.1 -2582
81.2 -1407
81.3 -2842
81.4 -2589
81.5 -2065
81.6 -2061
81.7 -1364
81.8 -2061
81.9 -1647
82.0 -2170
82.1 -2381
82.2 -1379
82.3 -1689
82.4 -2261
82.5 -1693
82.6 -2213
82.7 -1719
82.8 -1538
82.9 -1757
83.0 -1681
83.1 -1959
83.2 -1931
83.3 -1586
83.4 -1619
83.5 -1745
83.6 -1732
83.7 -1896
83.8 -1613
83.9 -1575
84.0 -1870
84.1 -1712
84.2 -1852
84.3 -1585
84.4 -1360
84.5 -1885
84.6 -1683
84.7 -1803
84.8 -1924
84.9 -990
85.0 -1812
85.1 -2005
85.2 -1699
85.3 -1788
85.4 -1370
85.5 -1743
85.6 -1850
85.7 -1755
85.8 -1959
85.9 -1516
86.0 -1481
86.1 -2140
86.2 -1736
86.3 -1774
86.4 -1855
86.5 -1436
86.6 -1417
86.7 -1786
86.8 -1740
86.9 -1681
87.0 -1705
87.1 -1528
87.2 -1729
87.3 -1813
87.4 -1723
87.5 -1700
87.6 -1455
87.7 -1425
87.8 -1728
87.9 -1755
88.0 -1646
88.1 -1698
88.2 -1341
88.3 -1738
88.4 -1688
88.5 -1488
88.6 -1681
88.7 -1158
88.8 -1643
88.9 -1831
89.0 -1557
89.1 -1664
89.2 -1315
89.3 -1460
89.4 -1721
89.5 -1744
89.6 -1588
89.7 -1240
89.8 -1417
89.9 -1992
90.0 -1542
90.1 -1407
90.2 -1806
90.3 -1271
90.4 -1444
90.5 -1722
90.6 -1599
90.7 -1509
90.8 -1471
90.9 -1784
91.0 -1556
91.1 -1861
91.2 -1715
91.3 -1533
91.4 -1258
91.5 -1442
91.6 -1755
91.7 -1599
91.8 -1518
91.9 -1373
92.0 -1376
92.1 -1675
92.2 -1795
92.3 -965
92.4 -1688
92.5 -1225
92.6 -1361
92.7 -1898
92.8 -1309
92.9 -1509
93.0 -1500
93.1 -1331
93.2 -1750
93.3 -1262
93.4 -1225
93.5 -1659
93.6 -1476
93.7 -1973
93.8 -1141
93.9 -1271
94.0 -1322
94.1 -1509
94.2 -1593
94.3 -1438
94.4 -1550
94.5 -1613
94.6 -1704
94.7 -1402
94.8 -999
94.9 -1512
95.0 -1562
95.1 -1544
95.2 -1493
95.3 -1235
95.4 -1333
95.5 -1519
95.6 -1812
95.7 -1526
95.8 -1209
95.9 -1343
96.0 -1512
96.1 -1388
96.2 -1496
96.3 -1424
96.4 -1337
96.5 -1553
96.6 -1741
96.7 -1394
96.8 -1432
96.9 -1016
97.0 -1442
97.1 -1688
97.2 -1514
97.3 -1474
97.4 -1259
97.5 -1288
97.6 -1535
97.7 -1587
97.8 -1341
97.9 -1351
98.0 -1015
98.1 -1539
98.2 -1425
98.3 -1372
98.4 -1647
98.5 -922
98.6 -1134
98.7 -1606
98.8 -1428
98.9 -1136
99.0 -1362
99.1 -1197
99.2 -1465
99.3 -1647
99.4 -981
99.5 -1929
99.6 -592
99.7 -1238
99.8 -2267
99.9 -592
100.0 -1842
100.1 12935
100.2 983
100.3 -22722
100.4 32767
100.5 -14751
100.6 -1546
100.7 32767
100.8 -29967
100.9 10736
101.0 10655
101.1 -32768
101.2 28474
101.3 -4621
101.4 -13540
101.5 32767
101.6 -19292
101.7 8677
101.8 24397
101.9 -32768
102.0 16911
102.1 -9646
102.2 -32768
102.3 -959
102.4 -337
102.5 -478
102.6 -228
102.7 -248
102.8 -396
102.9 -169
103.0 -397
103.1 -397
103.2 -85
103.3 -436
103.4 -305
103.5 -209
103.6 -438
103.7 -155
103.8 -285
103.9 -362
104.0 -170
104.1 -444
104.2 -267
104.3 -198
104.4 -465
104.5 -213
104.6 -299
104.7 -442
104.8 -134
104.9 -319
105.0 -384
105.1 -179
105.2 -464
105.3 -294
105.4 -212
105.5 -427
105.6 -209
105.7 -298
105.8 -410
105.9 -140
106.0 -312
106.1 -334
106.2 -203
106.3 -479
106.4 -234
106.5 -214
106.6 -438
106.7 -163
106.8 -365
106.9 -384
107.0 -75
107.1 -431
107.2 -331
107.3 -179
107.4 -464
107.5 -154
107.6 -294
107.7 -430
107.8 -183
107.9 -438
108.0 -243
108.1 -173
108.2 -501
108.3 -187
108.4 -326
108.5 -383
108.6 -128
108.7 -315
108.8 -407
108.9 -148
109.0 -428
109.1 -287
109.2 -187
109.3 -442
109.4 -252
109.5 -261
109.6 -415
109.7 -154
