#Press Ctrl-C to quit...
#channel one minus channel two
0 -1
0.1 -10
0.2 -27
0.3 10
0.4 -39
0.5 11
0.6 -30
0.7 -7
0.8 4
0.9 -36
1.0 13
1.1 -34
1.2 -9
1.3 2
1.4 -38
1.5 7
1.6 -14
1.7 -30
1.8 13
1.9 -30
2.0 -13
2.1 7
2.2 -38
2.3 3
2.4 -10
2.5 -34
2.6 11
2.7 -26
2.8 -18
2.9 11
3.0 -37
3.1 -1
3.2 -4
3.3 -35
3.4 10
3.5 -22
3.6 -24
3.7 12
3.8 -35
3.9 -7
4.0 1
4.1 -38
4.2 7
4.3 -12
4.4 -32
4.5 12
4.6 -24
4.7 -21
4.8 11
4.9 -36
5.0 -4
5.1 -2
5.2 -37
5.3 3
5.4 -9
5.5 -34
5.6 13
5.7 -25
5.8 -19
5.9 10
6.0 -38
6.1 -1
6.2 -4
6.3 -47
6.4 1
6.5 -30
6.6 -34
6.7 3
6.8 -44
6.9 -16
7.0 -8
7.1 -47
7.2 0
7.3 -25
7.4 -38
7.5 4
7.6 -41
7.7 -21
7.8 -4
7.9 -48
8.0 -5
8.1 -18
8.2 -44
8.3 2
8.4 -32
8.5 -33
8.6 3
8.7 -46
8.8 -15
8.9 -9
9.0 -48
9.1 1
9.2 -27
9.3 -39
9.4 6
9.5 -45
9.6 -18
9.7 -2
9.8 -56
9.9 4
10.0 -26
10.1 -50
10.2 20
10.3 -52
10.4 -24
10.5 12
10.6 -65
10.7 2
10.8 -10
10.9 -62
11.0 20
11.1 -39
11.2 -25
11.3 2
11.4 -63
11.5 26
11.6 -90
11.7 2776
11.8 10256
11.9 15461
12.0 15739
12.1 16385
12.2 17610
12.3 18295
12.4 18265
12.5 17538
12.6 16557
12.7 15557
12.8 14603
12.9 13795
13.0 13017
13.1 12372
13.2 11738
13.3 11179
13.4 10686
13.5 10187
13.6 9807
13.7 9378
13.8 9051
13.9 8742
14.0 8428
14.1 8203
14.2 7917
14.3 7737
14.4 7500
14.5 7323
14.6 7155
14.7 6950
14.8 6830
14.9 6652
15.0 6494
15.1 6400
15.2 6229
15.3 6141
15.4 6024
15.5 5875
15.6 5806
15.7 5684
15.8 5566
15.9 5521
16.0 5372
16.1 5314
16.2 5231
16.3 5118
16.4 5062
16.5 4990
16.6 4868
16.7 4848
16.8 4746
16.9 4688
17.0 4655
17.1 4529
17.2 4507
17.3 4442
17.4 4357
17.5 4343
17.6 4249
17.7 4193
17.8 4186
17.9 4084
18.0 4038
18.1 4017
18.2 3919
18.3 3909
18.4 3877
18.5 3787
18.6 3804
18.7 3720
18.8 3670
18.9 3677
19.0 3590
19.1 3580
19.2 3558
19.3 3472
19.4 3496
19.5 3435
19.6 3392
19.7 3383
19.8 3307
19.9 3310
20.0 3284
20.1 3204
20.2 3217
20.3 3165
20.4 3139
20.5 3133
20.6 3069
20.7 3089
20.8 3017
20.9 3023
21.0 2982
21.1 2947
21.2 2957
21.3 2887
21.4 2910
21.5 2846
21.6 2854
21.7 2824
21.8 2784
21.9 2798
22.0 2732
22.1 2758
22.2 2705
22.3 2705
22.4 2694
22.5 2637
22.6 2662
22.7 2598
22.8 2623
22.9 2582
23.0 2562
23.1 2576
23.2 2515
23.3 2549
23.4 2488
23.5 2506
23.6 2488
23.7 2447
23.8 2491
23.9 2416
24.0 2439
24.1 2427
24.2 2383
24.3 2395
24.4 2370
24.5 2346
24.6 2378
24.7 2315
24.8 2316
24.9 2339
25.0 2276
25.1 2303
25.2 2279
25.3 2234
25.4 2280
25.5 2229
25.6 2218
25.7 2237
25.8 2194
25.9 2192
26.0 2209
26.1 2151
26.2 2182
26.3 2166
26.4 2122
26.5 2161
26.6 2129
26.7 2110
26.8 2139
26.9 2073
27.0 2086
27.1 2092
27.2 2053
27.3 2078
27.4 2054
27.5 2031
27.6 2062
27.7 2012
27.8 2016
27.9 2034
28.0 1974
28.1 2012
28.2 1984
28.3 1950
28.4 1993
28.5 1948
28.6 1937
28.7 1962
28.8 1908
28.9 1934
29.0 1926
29.1 1879
29.2 1917
29.3 1890
29.4 1866
29.5 1895
29.6 1846
29.7 1863
29.8 1878
29.9 1826
30.0 1853
30.1 1844
30.2 1808
30.3 1852
30.4 1803
30.5 1802
30.6 1819
30.7 1766
30.8 1805
30.9 1790
31.0 1754
31.1 1791
31.2 1755
31.3 1755
31.4 1774
31.5 1729
31.6 1759
31.7 1746
31.8 1705
31.9 1745
32.0 1712
32.1 1729
32.2 1678
32.3 1721
32.4 1693
32.5 1666
32.6 1706
32.7 1661
32.8 1664
32.9 1686
33.0 1634
33.1 1668
33.2 1652
33.3 1624
33.4 1668
33.5 1619
33.6 1620
33.7 1646
33.8 1593
33.9 1626
34.0 1624
34.1 1581
34.2 1622
34.3 1590
34.4 1571
34.5 1615
34.6 1559
34.7 1574
34.8 1590
34.9 1536
35.0 1581
35.1 1554
35.2 1523
35.3 1570
35.4 1528
35.5 1530
35.6 1559
35.7 1507
35.8 1538
35.9 1537
36.0 1494
36.1 1535
36.2 1508
36.3 1480
36.4 1526
36.5 1476
36.6 1485
36.7 1505
36.8 1462
36.9 1488
37.0 1485
37.1 1450
37.2 1488
37.3 1446
37.4 1451
37.5 1476
37.6 1430
37.7 1456
37.8 1458
37.9 1412
38.0 1455
38.1 1420
38.2 1409
38.3 1449
38.4 1396
38.5 1407
38.6 1424
38.7 1377
38.8 1421
38.9 1397
39.0 1373
39.1 1416
39.2 1375
39.3 1368
39.4 1406
39.5 1349
39.6 1381
39.7 1399
39.8 1336
39.9 1368
40.0 1364
40.1 1328
40.2 1377
40.3 1337
40.4 1332
40.5 1361
40.6 1326
40.7 1317
40.8 1353
40.9 1306
41.0 1331
41.1 1339
41.2 1293
41.3 1336
41.4 1316
41.5 1284
41.6 1328
41.7 1283
41.8 1300
41.9 1322
42.0 1268
42.1 1301
42.2 1296
42.3 1261
42.4 1311
42.5 1259
42.6 1252
42.7 1295
42.8 1242
42.9 1264
43.0 1282
43.1 1228
43.2 1280
43.3 1246
43.4 1225
43.5 1275
43.6 1225
43.7 1233
43.8 1261
43.9 1207
44.0 1240
44.1 1220
44.2 1201
44.3 1251
44.4 1200
44.5 1208
44.6 1242
44.7 1185
44.8 1214
44.9 1211
45.0 1177
45.1 1220
45.2 1190
45.3 1184
45.4 1215
45.5 1160
45.6 1183
45.7 1205
45.8 1148
45.9 1203
46.0 1168
46.1 1158
46.2 1196
46.3 1145
46.4 1168
46.5 1184
46.6 1127
46.7 1181
46.8 1162
46.9 1133
47.0 1176
47.1 1130
47.2 1145
47.3 1168
47.4 1110
47.5 1154
47.6 1140
47.7 1112
47.8 1162
47.9 1128
48.0 1116
48.1 1160
48.2 1097
48.3 1131
48.4 1126
48.5 1090
48.6 1138
48.7 1098
48.8 1096
48.9 1135
49.0 1087
49.1 1099
49.2 1119
49.3 1063
49.4 1109
49.5 1095
49.6 1063
49.7 1118
49.8 1067
49.9 1069
50.0 1102
50.1 1053
50.2 1088
50.3 1082
50.4 1050
50.5 1095
50.6 1048
50.7 1050
50.8 1091
50.9 1035
51.0 1069
51.1 1063
51.2 1028
51.3 1071
51.4 1043
51.5 1025
51.6 1074
51.7 1022
51.8 1047
51.9 1052
52.0 1002
52.1 1048
52.2 1025
52.3 1013
52.4 1057
52.5 1007
52.6 1025
52.7 1042
52.8 996
52.9 1034
53.0 1019
53.1 987
53.2 1044
53.3 996
53.4 998
53.5 1032
53.6 985
53.7 1012
53.8 1015
53.9 974
54.0 1024
54.1 987
54.2 981
54.3 1023
54.4 962
54.5 1000
54.6 1002
54.7 958
54.8 1003
54.9 985
55.0 966
55.1 1009
55.2 954
55.3 978
55.4 1001
55.5 942
55.6 986
55.7 986
55.8 941
55.9 1003
56.0 961
56.1 951
56.2 986
56.3 945
56.4 963
56.5 978
56.6 924
56.7 976
56.8 919
56.9 951
57.0 945
57.1 928
57.2 953
57.3 909
57.4 962
57.5 910
57.6 941
57.7 934
57.8 915
57.9 951
58.0 898
58.1 951
58.2 907
58.3 925
58.4 928
58.5 898
58.6 943
58.7 889
58.8 932
58.9 901
59.0 907
59.1 921
59.2 885
59.3 940
59.4 876
59.5 925
59.6 894
59.7 897
59.8 913
59.9 877
60.0 924
60.1 889
60.2 892
60.3 921
60.4 878
60.5 914
60.6 902
60.7 873
60.8 918
60.9 876
61.0 885
61.1 914
61.2 863
61.3 905
61.4 897
61.5 861
61.6 904
61.7 872
61.8 865
61.9 913
62.0 856
62.1 878
62.2 891
62.3 849
62.4 888
62.5 871
62.6 850
62.7 900
62.8 850
62.9 868
63.0 890
63.1 840
63.2 879
63.3 876
63.4 836
63.5 883
63.6 853
63.7 855
63.8 880
63.9 835
64.0 863
64.1 861
64.2 824
64.3 877
64.4 843
64.5 839
64.6 870
64.7 829
64.8 850
64.9 860
65.0 813
65.1 860
65.2 846
65.3 823
65.4 859
65.5 822
65.6 831
65.7 860
65.8 803
65.9 847
66.0 821
66.1 828
66.2 842
66.3 801
66.4 848
66.5 799
66.6 835
66.7 813
66.8 802
66.9 838
67.0 791
67.1 839
67.2 796
67.3 819
67.4 815
67.5 795
67.6 837
67.7 780
67.8 826
67.9 789
68.0 809
68.1 814
68.2 785
68.3 827
68.4 776
68.5 818
68.6 788
68.7 791
68.8 816
68.9 774
69.0 821
69.1 777
69.2 804
69.3 813
69.4 767
69.5 819
69.6 794
69.7 776
69.8 826
69.9 774
70.0 783
70.1 812
70.2 761
70.3 803
70.4 789
70.5 758
70.6 812
70.7 772
70.8 772
70.9 809
71.0 756
71.1 789
71.2 789
71.3 758
71.4 805
71.5 773
71.6 756
71.7 800
71.8 749
71.9 781
72.0 783
72.1 749
72.2 791
72.3 770
72.4 748
72.5 790
72.6 745
72.7 760
72.8 783
72.9 740
73.0 775
73.1 777
73.2 736
73.3 784
73.4 752
73.5 743
73.6 789
73.7 733
73.8 759
73.9 768
74.0 724
74.1 775
74.2 754
74.3 735
74.4 786
74.5 732
74.6 751
74.7 764
74.8 716
74.9 767
75.0 728
75.1 742
75.2 755
75.3 719
75.4 764
75.5 712
75.6 759
75.7 725
75.8 734
75.9 748
76.0 708
76.1 762
76.2 713
76.3 749
76.4 723
76.5 724
76.6 748
76.7 703
76.8 759
76.9 708
77.0 738
77.1 727
77.2 709
77.3 750
77.4 697
77.5 741
77.6 711
77.7 725
77.8 728
77.9 695
78.0 744
78.1 704
78.2 733
78.3 740
78.4 702
78.5 753
78.6 711
78.7 703
78.8 745
78.9 703
79.0 725
79.1 743
79.2 689
79.3 727
79.4 719
79.5 691
79.6 741
79.7 705
79.8 697
79.9 734
80.0 686
80.1 721
80.2 728
80.3 683
80.4 742
80.5 705
80.6 689
80.7 733
80.8 696
80.9 706
81.0 729
81.1 678
81.2 713
81.3 719
81.4 682
81.5 729
81.6 693
81.7 693
81.8 732
81.9 678
82.0 702
82.1 717
82.2 672
82.3 720
82.4 689
82.5 674
82.6 721
82.7 678
82.8 689
82.9 723
83.0 673
83.1 702
83.2 711
83.3 669
83.4 718
83.5 682
83.6 683
83.7 719
83.8 671
83.9 694
84.0 702
84.1 658
84.2 711
84.3 657
84.4 698
84.5 681
84.6 669
84.7 701
84.8 653
84.9 709
85.0 659
85.1 692
85.2 676
85.3 664
85.4 699
85.5 648
85.6 701
85.7 658
85.8 680
85.9 686
86.0 649
86.1 701
86.2 650
86.3 689
86.4 660
86.5 659
86.6 689
86.7 647
86.8 696
86.9 643
87.0 678
87.1 667
87.2 660
87.3 703
87.4 647
87.5 673
87.6 679
87.7 643
87.8 686
87.9 667
88.0 643
88.1 687
88.2 650
88.3 658
88.4 689
88.5 629
88.6 671
88.7 667
88.8 631
88.9 680
89.0 646
89.1 643
89.2 684
89.3 632
89.4 664
89.5 673
89.6 627
89.7 661
89.8 657
89.9 620
90.0 678
90.1 636
90.2 639
90.3 670
90.4 627
90.5 653
90.6 661
90.7 622
90.8 669
90.9 636
91.0 628
91.1 676
91.2 622
91.3 656
91.4 659
91.5 611
91.6 659
91.7 639
91.8 616
91.9 664
92.0 618
92.1 629
92.2 658
92.3 609
92.4 653
92.5 649
92.6 608
92.7 658
92.8 634
92.9 626
93.0 667
93.1 624
93.2 622
93.3 661
93.4 620
93.5 634
93.6 654
93.7 612
93.8 651
93.9 635
94.0 609
94.1 656
94.2 621
94.3 625
94.4 660
94.5 604
94.6 628
94.7 648
94.8 595
94.9 648
95.0 629
95.1 605
95.2 655
95.3 610
95.4 611
95.5 653
95.6 600
95.7 633
95.8 641
95.9 595
96.0 657
96.1 616
96.2 616
96.3 651
96.4 595
96.5 636
96.6 643
96.7 595
96.8 641
96.9 625
97.0 596
97.1 660
97.2 601
97.3 606
97.4 648
97.5 598
97.6 629
97.7 637
97.8 586
97.9 637
98.0 613
98.1 609
