#Press Ctrl-C to quit...
#channel 0 minus channel 1
0 -28
0.1 -22
0.2 -6
0.3 -38
0.4 1
0.5 -36
0.6 -12
0.7 -17
0.8 -30
0.9 0
1.0 -39
1.1 -1
1.2 -31
1.3 -17
1.4 -11
1.5 -35
1.6 2
1.7 -39
1.8 -5
1.9 -23
2.0 -24
2.1 -5
2.2 -39
2.3 1
2.4 -34
2.5 -11
2.6 -18
2.7 -29
2.8 -1
2.9 -39
3.0 -1
3.1 -27
3.2 -27
3.3 0
3.4 -37
3.5 -14
3.6 -9
3.7 -39
3.8 -2
3.9 -21
4.0 -32
4.1 2
4.2 -32
4.3 -20
4.4 -3
4.5 1
4.6 -29
4.7 -26
4.8 1
4.9 -38
5.0 -13
5.1 -8
5.2 -39
5.3 -10
5.4 -11
5.5 -39
5.6 -4
5.7 -16
5.8 -37
5.9 0
6.0 -23
6.1 -31
6.2 2
6.3 -34
6.4 -19
6.5 -3
6.6 -43
6.7 -5
6.8 -12
6.9 -43
7.0 4
7.1 -27
7.2 -32
7.3 8
7.4 -43
7.5 -15
7.6 1
7.7 -51
7.8 0
7.9 -14
8.0 -46
8.1 13
8.2 -33
8.3 -34
8.4 16
8.5 -50
8.6 -13
8.7 6
8.8 -56
8.9 9
9.0 -14
9.1 -52
9.2 21
9.3 -32
9.4 -36
9.5 23
9.6 -46
9.7 -15
9.8 22
9.9 -2943
10.0 1485
10.1 6223
10.2 20160
10.3 22842
10.4 26673
10.5 30770
10.6 32767
10.7 32767
10.8 32767
10.9 32767
11.0 32767
11.1 32283
11.2 30761
11.3 29293
11.4 27947
11.5 26649
11.6 25481
11.7 24413
11.8 23406
11.9 22509
12.0 21701
12.1 20909
12.2 20228
12.3 19584
12.4 18968
12.5 18454
12.6 17939
12.7 17460
12.8 17056
12.9 16625
13.0 16251
13.1 15919
13.2 15553
13.3 15260
13.4 14966
13.5 14661
13.6 14432
13.7 14165
13.8 13915
13.9 13727
14.0 13479
14.1 13282
14.2 13106
14.3 12888
14.4 12729
14.5 12558
14.6 12367
14.7 12238
14.8 12067
14.9 11908
15.0 11791
15.1 11621
15.2 11492
15.3 11381
15.4 11217
15.5 11117
15.6 11002
15.7 10853
15.8 10769
15.9 10652
16.0 10526
16.1 10454
16.2 10328
16.3 10224
16.4 10160
16.5 10029
16.6 9953
16.7 9876
16.8 9754
16.9 9698
17.0 9609
17.1 9503
17.2 9454
17.3 9353
17.4 9271
17.5 9223
17.6 9111
17.7 9054
17.8 8995
17.9 8887
18.0 8855
18.1 8778
18.2 8686
18.3 8658
18.4 8565
18.5 8502
18.6 8469
18.7 8368
18.8 8325
18.9 8275
19.0 8176
19.1 8157
19.2 8083
19.3 8018
19.4 7994
19.5 7900
19.6 7887
19.7 7799
19.8 7758
19.9 7718
20.0 7637
20.1 7624
20.2 7533
20.3 7518
20.4 7453
20.5 7402
20.6 7375
20.7 7291
20.8 7286
20.9 7205
21.0 7186
21.1 7135
21.2 7072
21.3 7066
21.4 6991
21.5 6950
21.6 6937
21.7 6855
21.8 6843
21.9 6808
22.0 6732
22.1 6737
22.2 6679
22.3 6627
22.4 6630
22.5 6558
22.6 6529
22.7 6519
22.8 6440
22.9 6435
23.0 6403
23.1 6336
23.2 6344
23.3 6285
23.4 6242
23.5 6246
23.6 6176
23.7 6154
23.8 6144
23.9 6072
24.0 6071
24.1 6043
24.2 5981
24.3 5991
24.4 5947
24.5 5899
24.6 5914
24.7 5853
24.8 5822
24.9 5829
25.0 5768
25.1 5759
25.2 5751
25.3 5683
25.4 5695
25.5 5660
25.6 5609
25.7 5626
25.8 5576
25.9 5546
26.0 5552
26.1 5492
26.2 5488
26.3 5479
26.4 5422
26.5 5432
26.6 5402
26.7 5358
26.8 5375
26.9 5324
27.0 5301
27.1 5312
27.2 5254
27.3 5253
27.4 5243
27.5 5186
27.6 5206
27.7 5169
27.8 5138
27.9 5156
28.0 5099
28.1 5092
28.2 5098
28.3 5041
28.4 5041
28.5 5043
28.6 4984
28.7 4988
28.8 4984
28.9 4926
29.0 4949
29.1 4922
29.2 4880
29.3 4904
29.4 4857
29.5 4835
29.6 4857
29.7 4803
29.8 4790
29.9 4806
30.0 4755
30.1 4748
30.2 4760
30.3 4700
30.4 4717
30.5 4701
30.6 4657
30.7 4678
30.8 4651
30.9 4608
31.0 4635
31.1 4603
31.2 4571
31.3 4595
31.4 4549
31.5 4537
31.6 4557
31.7 4500
31.8 4506
31.9 4508
32.0 4457
32.1 4475
32.2 4459
32.3 4419
32.4 4445
32.5 4409
32.6 4387
32.7 4406
32.8 4360
32.9 4361
33.0 4369
33.1 4313
33.2 4336
33.3 4317
33.4 4280
33.5 4310
33.6 4266
33.7 4252
33.8 4275
33.9 4224
34.0 4228
34.1 4237
34.2 4181
34.3 4205
34.4 4187
34.5 4151
34.6 4180
34.7 4140
34.8 4124
34.9 4147
35.0 4097
35.1 4105
35.2 4104
35.3 4052
35.4 4082
35.5 4055
35.6 4023
35.7 4058
35.8 4015
35.9 4001
36.0 4023
36.1 3971
36.2 3980
36.3 3985
36.4 3934
36.5 3961
36.6 3943
36.7 3908
36.8 3939
36.9 3896
37.0 3888
37.1 3909
37.2 3857
37.3 3872
37.4 3865
37.5 3826
37.6 3858
37.7 3802
37.8 3829
37.9 3802
38.0 3788
38.1 3801
38.2 3754
38.3 3791
38.4 3737
38.5 3755
38.6 3740
38.7 3716
38.8 3737
38.9 3688
39.0 3722
39.1 3675
39.2 3686
39.3 3684
39.4 3639
39.5 3669
39.6 3643
39.7 3615
39.8 3649
39.9 3603
40.0 3597
40.1 3617
40.2 3562
40.3 3586
40.4 3578
40.5 3535
40.6 3570
40.7 3537
40.8 3517
40.9 3546
41.0 3494
41.1 3504
41.2 3508
41.3 3461
41.4 3492
41.5 3472
41.6 3439
41.7 3473
41.8 3435
41.9 3425
42.0 3445
42.1 3397
42.2 3413
42.3 3412
42.4 3365
42.5 3398
42.6 3377
42.7 3345
42.8 3378
42.9 3335
43.0 3330
43.1 3354
43.2 3303
43.3 3316
43.4 3321
43.5 3275
43.6 3306
43.7 3285
43.8 3254
43.9 3290
44.0 3245
44.1 3243
44.2 3262
44.3 3214
44.4 3237
44.5 3233
44.6 3187
44.7 3225
44.8 3190
44.9 3175
45.0 3201
45.1 3155
45.2 3167
45.3 3173
45.4 3129
45.5 3157
45.6 3133
45.7 3109
45.8 3143
45.9 3098
46.0 3103
46.1 3121
46.2 3067
46.3 3099
46.4 3082
46.5 3049
46.6 3087
46.7 3035
46.8 3063
46.9 3038
47.0 3021
47.1 3045
47.2 2997
47.3 3037
47.4 2987
47.5 3008
47.6 2997
47.7 2975
47.8 3000
47.9 2947
48.0 2984
48.1 2947
48.2 2956
48.3 2958
48.4 2921
48.5 2957
48.6 2914
48.7 2912
48.8 2934
48.9 2884
49.0 2910
49.1 2904
49.2 2864
49.3 2901
49.4 2869
49.5 2854
49.6 2886
49.7 2837
49.8 2852
49.9 2859
50.0 2814
50.1 2845
50.2 2828
50.3 2796
50.4 2839
50.5 2791
50.6 2795
50.7 2816
50.8 2765
50.9 2795
51.0 2789
51.1 2748
51.2 2786
51.3 2757
51.4 2740
51.5 2771
51.6 2723
51.7 2741
51.8 2744
51.9 2698
52.0 2733
52.1 2715
52.2 2691
52.3 2727
52.4 2683
52.5 2687
52.6 2706
