#Press Ctrl-C to quit...
#channel 0 minus channel 1
0 30
0.1 23
0.2 12
0.3 -4
0.4 -6
0.5 3
0.6 8
0.7 28
0.8 29
0.9 23
1.0 15
1.1 -4
1.2 -8
1.3 4
1.4 15
1.5 31
1.6 17
1.7 -5
1.8 4
1.9 27
2.0 23
2.1 0
2.2 -3
2.3 18
2.4 28
2.5 12
2.6 -4
2.7 10
2.8 28
2.9 14
3.0 -7
3.1 7
3.2 31
3.3 18
3.4 -5
3.5 3
3.6 27
3.7 22
3.8 -3
3.9 -2
4.0 24
4.1 25
4.2 12
4.3 -5
4.4 14
4.5 27
4.6 16
4.7 -7
4.8 7
4.9 31
5.0 23
5.1 -4
5.2 -2
5.3 21
5.4 26
5.5 12
5.6 -5
5.7 10
5.8 28
5.9 13
6.0 -5
6.1 4
6.2 28
6.3 19
6.4 -5
6.5 2
6.6 26
6.7 24
6.8 4
6.9 -5
7.0 10
7.1 29
7.2 17
7.3 -6
7.4 8
7.5 31
7.6 19
7.7 -5
7.8 1
7.9 22
8.0 25
8.1 8
8.2 -2
8.3 13
8.4 28
8.5 14
8.6 -7
8.7 10
8.8 29
8.9 21
9.0 -5
9.1 -1
9.2 17
9.3 30
9.4 15
9.5 -6
9.6 10
9.7 30
9.8 20
9.9 -6
10.0 4
10.1 28
10.2 21
10.3 -4
10.4 0
10.5 23
10.6 24
10.7 14
10.8 -4
10.9 9
11.0 30
11.1 16
11.2 -5
11.3 3
11.4 25
11.5 27
11.6 9
11.7 -2
11.8 13
11.9 28
12.0 14
12.1 -6
12.2 10
12.3 29
12.4 16
12.5 -5
12.6 6
12.7 30
12.8 20
12.9 -2
13.0 -3
13.1 16
13.2 27
13.3 14
13.4 -5
13.5 10
13.6 30
13.7 18
13.8 -4
13.9 -1
14.0 24
14.1 25
14.2 6
14.3 -4
14.4 21
14.5 26
14.6 16
14.7 -6
14.8 9
14.9 33
15.0 16
15.1 -12
15.2 1
15.3 36
15.4 30
15.5 -5
15.6 -16
15.7 13
15.8 44
15.9 24
16.0 -25
16.1 -1
16.2 51
16.3 28
16.4 -26
16.5 -4
16.6 51
16.7 36
16.8 -19
16.9 -29
17.0 505
17.1 2872
17.2 5094
17.3 5540
17.4 5644
17.5 5662
17.6 5686
17.7 5717
17.8 5743
17.9 5749
18.0 5748
18.1 5742
18.2 5722
18.3 5701
18.4 5668
18.5 5648
18.6 5616
18.7 5590
18.8 5562
18.9 5541
19.0 5516
19.1 5493
19.2 5469
19.3 5444
19.4 5427
19.5 5405
19.6 5384
19.7 5367
19.8 5344
19.9 5325
20.0 5307
20.1 5286
20.2 5269
20.3 5249
20.4 5231
20.5 5214
20.6 5193
20.7 5178
20.8 5159
20.9 5140
21.0 5118
21.1 5104
21.2 5091
21.3 5069
21.4 5051
21.5 5036
21.6 5022
21.7 5003
21.8 4988
21.9 4969
22.0 4950
22.1 4937
22.2 4919
22.3 4904
22.4 4889
22.5 4874
22.6 4856
22.7 4838
22.8 4826
22.9 4814
23.0 4796
23.1 4780
23.2 4763
23.3 4752
23.4 4736
23.5 4721
23.6 4704
23.7 4692
23.8 4680
23.9 4666
24.0 4649
24.1 4638
24.2 4627
24.3 4608
24.4 4595
24.5 4580
24.6 4567
24.7 4558
24.8 4546
24.9 4526
25.0 4516
25.1 4506
25.2 4492
25.3 4477
25.4 4465
25.5 4453
25.6 4441
25.7 4427
25.8 4413
25.9 4404
26.0 4396
26.1 4380
26.2 4369
26.3 4356
26.4 4345
26.5 4334
26.6 4324
26.7 4311
26.8 4302
26.9 4293
27.0 4276
27.1 4259
27.2 4254
27.3 4245
27.4 4234
27.5 4220
27.6 4209
27.7 4199
27.8 4187
27.9 4178
28.0 4169
28.1 4160
28.2 4147
28.3 4135
28.4 4126
28.5 4120
28.6 4109
28.7 4101
28.8 4086
28.9 4076
29.0 4068
29.1 4056
29.2 4047
29.3 4040
29.4 4029
29.5 4020
29.6 4010
29.7 3996
29.8 3987
29.9 3977
30.0 3968
30.1 3962
30.2 3953
30.3 3945
30.4 3933
30.5 3920
30.6 3911
30.7 3906
30.8 3897
30.9 3886
31.0 3875
31.1 3863
31.2 3854
31.3 3849
31.4 3838
31.5 3827
31.6 3820
31.7 3813
31.8 3799
31.9 3790
32.0 3783
32.1 3772
32.2 3760
32.3 3750
32.4 3744
32.5 3738
32.6 3723
32.7 3714
32.8 3706
32.9 3701
33.0 3693
33.1 3683
33.2 3671
33.3 3663
33.4 3648
33.5 3648
33.6 3638
33.7 3631
33.8 3622
33.9 3611
34.0 3600
34.1 3592
34.2 3583
34.3 3574
34.4 3567
34.5 3559
34.6 3549
34.7 3541
34.8 3528
34.9 3522
35.0 3517
35.1 3506
35.2 3494
35.3 3491
35.4 3481
35.5 3470
35.6 3463
35.7 3452
35.8 3447
35.9 3439
36.0 3427
36.1 3418
36.2 3412
36.3 3404
36.4 3396
36.5 3391
36.6 3380
36.7 3371
36.8 3360
36.9 3354
37.0 3344
37.1 3339
37.2 3332
37.3 3326
37.4 3316
37.5 3304
37.6 3297
37.7 3290
37.8 3282
37.9 3278
38.0 3271
38.1 3259
38.2 3252
38.3 3244
38.4 3233
38.5 3224
38.6 3221
38.7 3215
38.8 3209
38.9 3196
39.0 3187
39.1 3179
39.2 3175
39.3 3167
39.4 3160
39.5 3150
39.6 3147
39.7 3149
39.8 3145
39.9 3146
40.0 3153
40.1 3157
40.2 3168
40.3 3169
40.4 3165
40.5 3166
40.6 3161
40.7 3152
40.8 3144
40.9 3143
41.0 3136
41.1 3127
41.2 3116
41.3 3114
41.4 3100
41.5 3098
41.6 3087
41.7 3076
41.8 3071
41.9 3065
42.0 3053
42.1 3043
42.2 3039
42.3 3034
42.4 3023
42.5 3017
42.6 3004
42.7 3000
42.8 2992
42.9 2983
43.0 2975
43.1 2969
43.2 2965
43.3 2954
43.4 2944
43.5 2938
43.6 2932
43.7 2925
43.8 2914
43.9 2910
44.0 2899
44.1 2893
44.2 2883
44.3 2877
44.4 2870
44.5 2863
44.6 2853
44.7 2846
44.8 2836
44.9 2831
45.0 2823
45.1 2812
45.2 2807
45.3 2802
45.4 2793
45.5 2785
45.6 2774
45.7 2771
45.8 2768
45.9 2756
46.0 2749
46.1 2744
46.2 2735
46.3 2729
46.4 2717
46.5 2713
46.6 2714
46.7 2700
46.8 2691
46.9 2686
47.0 2680
47.1 2671
47.2 2665
47.3 2658
47.4 2650
47.5 2645
47.6 2637
47.7 2626
47.8 2621
47.9 2615
48.0 2607
48.1 2601
48.2 2592
48.3 2593
48.4 2583
48.5 2571
48.6 2568
48.7 2565
48.8 2556
48.9 2545
49.0 2540
49.1 2534
49.2 2528
49.3 2521
49.4 2513
49.5 2509
49.6 2503
49.7 2491
49.8 2485
49.9 2483
50.0 2480
50.1 2472
50.2 2461
50.3 2452
50.4 2450
50.5 2441
50.6 2434
50.7 2429
50.8 2426
50.9 2420
51.0 2407
51.1 2401
51.2 2400
51.3 2392
51.4 2384
51.5 2379
51.6 2374
51.7 2372
51.8 2363
51.9 2353
52.0 2351
52.1 2347
52.2 2337
52.3 2330
52.4 2325
52.5 2324
52.6 2316
52.7 2305
52.8 2303
52.9 2296
53.0 2294
53.1 2288
53.2 2283
53.3 2273
53.4 2266
53.5 2260
53.6 2257
53.7 2255
53.8 2243
53.9 2243
54.0 2233
54.1 2227
54.2 2221
54.3 2215
54.4 2214
54.5 2208
54.6 2201
54.7 2198
54.8 2188
54.9 2183
55.0 2175
55.1 2170
55.2 2168
55.3 2166
55.4 2159
55.5 2154
55.6 2146
55.7 2138
55.8 2138
55.9 2132
56.0 2124
56.1 2120
56.2 2114
56.3 2109
56.4 2106
56.5 2097
56.6 2096
56.7 2092
56.8 2083
56.9 2076
57.0 2072
57.1 2069
57.2 2065
57.3 2058
57.4 2052
57.5 2051
57.6 2046
57.7 2037
57.8 2031
57.9 2027
58.0 2025
58.1 2019
58.2 2012
58.3 2007
58.4 2004
58.5 2000
58.6 1994
58.7 1987
58.8 1984
58.9 1984
59.0 1975
59.1 1970
59.2 1966
59.3 1957
59.4 1957
59.5 1953
59.6 1950
59.7 1943
59.8 1936
59.9 1930
60.0 1928
60.1 1926
60.2 1918
60.3 1911
60.4 1910
60.5 1904
60.6 1904
60.7 1893
60.8 1887
60.9 1881
61.0 1881
61.1 1877
61.2 1871
61.3 1869
61.4 1866
61.5 1861
61.6 1855
61.7 1846
61.8 1845
61.9 1842
62.0 1836
62.1 1837
62.2 1828
62.3 1826
62.4 1818
62.5 1816
62.6 1812
62.7 1809
62.8 1805
62.9 1801
63.0 1795
63.1 1788
63.2 1786
63.3 1777
63.4 1778
63.5 1776
63.6 1773
63.7 1769
63.8 1762
63.9 1758
64.0 1753
64.1 1752
64.2 1748
64.3 1745
64.4 1736
64.5 1735
64.6 1732
64.7 1728
64.8 1722
64.9 1717
65.0 1713
65.1 1715
65.2 1708
65.3 1701
65.4 1703
65.5 1700
65.6 1692
65.7 1687
65.8 1685
65.9 1681
66.0 1679
66.1 1674
66.2 1670
66.3 1671
66.4 1664
66.5 1659
66.6 1652
66.7 1654
66.8 1652
66.9 1645
67.0 1640
67.1 1638
67.2 1637
67.3 1631
67.4 1625
67.5 1623
67.6 1621
67.7 1620
67.8 1617
67.9 1607
68.0 1608
68.1 1607
68.2 1600
68.3 1593
68.4 1593
68.5 1593
68.6 1584
68.7 1580
68.8 1579
68.9 1579
69.0 1576
69.1 1569
69.2 1564
69.3 1564
69.4 1562
69.5 1556
69.6 1550
69.7 1548
69.8 1546
69.9 1543
70.0 1540
70.1 1535
70.2 1532
70.3 1532
70.4 1525
70.5 1520
70.6 1519
70.7 1519
70.8 1514
70.9 1510
71.0 1508
71.1 1506
71.2 1500
71.3 1497
71.4 1493
71.5 1492
71.6 1490
71.7 1484
71.8 1478
71.9 1477
72.0 1478
72.1 1476
72.2 1467
72.3 1465
72.4 1465
72.5 1461
72.6 1456
72.7 1455
72.8 1455
72.9 1452
73.0 1446
73.1 1445
73.2 1440
73.3 1438
73.4 1436
73.5 1432
73.6 1431
73.7 1429
73.8 1425
73.9 1423
74.0 1420
74.1 1416
74.2 1414
74.3 1412
74.4 1408
74.5 1406
74.6 1403
74.7 1402
74.8 1398
74.9 1395
75.0 1394
75.1 1390
75.2 1389
75.3 1384
75.4 1383
75.5 1381
75.6 1378
75.7 1376
75.8 1373
75.9 1370
76.0 1368
76.1 1366
76.2 1364
76.3 1360
76.4 1359
76.5 1356
76.6 1354
76.7 1350
76.8 1350
76.9 1349
77.0 1342
77.1 1343
77.2 1341
77.3 1336
77.4 1333
77.5 1333
77.6 1330
77.7 1328
77.8 1325
77.9 1322
78.0 1321
78.1 1319
78.2 1317
78.3 1313
78.4 1312
78.5 1308
78.6 1306
78.7 1305
78.8 1301
78.9 1301
79.0 1298
79.1 1296
79.2 1293
79.3 1290
79.4 1289
79.5 1286
79.6 1284
79.7 1281
79.8 1279
79.9 1277
80.0 1275
80.1 1273
80.2 1271
80.3 1268
80.4 1267
80.5 1265
80.6 1261
80.7 1258
80.8 1257
80.9 1254
81.0 1253
81.1 1250
81.2 1247
81.3 1245
81.4 1246
81.5 1242
81.6 1240
81.7 1237
81.8 1235
81.9 1233
82.0 1231
82.1 1229
82.2 1227
82.3 1224
82.4 1222
82.5 1221
82.6 1219
82.7 1217
82.8 1213
82.9 1216
83.0 1213
83.1 1207
83.2 1204
83.3 1203
83.4 1207
83.5 1199
83.6 1196
83.7 1193
83.8 1197
83.9 1192
84.0 1188
84.1 1184
84.2 1185
84.3 1188
84.4 1184
84.5 1177
84.6 1176
84.7 1179
84.8 1176
84.9 1169
85.0 1169
85.1 1168
85.2 1169
85.3 1165
85.4 1160
85.5 1159
85.6 1161
85.7 1159
85.8 1151
85.9 1152
86.0 1151
86.1 1149
86.2 1151
86.3 1148
86.4 1145
86.5 1138
86.6 1139
86.7 1139
86.8 1139
86.9 1136
87.0 1137
87.1 1131
87.2 1130
87.3 1127
87.4 1126
87.5 1125
87.6 1124
87.7 1126
87.8 1121
87.9 1114
88.0 1111
88.1 1109
88.2 1111
88.3 1113
88.4 1111
88.5 1111
88.6 1110
88.7 1103
88.8 1096
88.9 1100
89.0 1100
89.1 1103
89.2 1098
89.3 1094
89.4 1093
89.5 1094
89.6 1098
89.7 1088
89.8 1088
89.9 1086
90.0 1088
90.1 1086
90.2 1079
90.3 1083
90.4 1083
90.5 1076
90.6 1073
90.7 1075
90.8 1075
90.9 1072
91.0 1064
91.1 1068
91.2 1066
91.3 1066
91.4 1059
91.5 1062
91.6 1058
91.7 1064
91.8 1056
91.9 1052
92.0 1058
92.1 1056
92.2 1053
92.3 1050
92.4 1047
92.5 1047
92.6 1047
92.7 1043
92.8 1043
92.9 1044
93.0 1047
93.1 1043
93.2 1037
93.3 1040
93.4 1037
93.5 1031
93.6 1028
93.7 1031
93.8 1027
93.9 1030
94.0 1027
94.1 1025
94.2 1024
94.3 1026
94.4 1026
94.5 1023
94.6 1019
94.7 1019
94.8 1017
94.9 1016
95.0 1014
95.1 1006
95.2 1012
95.3 1010
95.4 1010
95.5 1008
95.6 1005
95.7 1004
95.8 1003
95.9 1006
96.0 1001
96.1 997
96.2 996
96.3 996
96.4 997
96.5 993
96.6 990
96.7 992
96.8 990
96.9 989
97.0 987
97.1 985
97.2 990
97.3 983
97.4 983
97.5 986
97.6 986
97.7 984
97.8 982
97.9 980
98.0 983
98.1 978
98.2 975
98.3 974
98.4 972
98.5 972
98.6 969
98.7 966
98.8 970
98.9 973
99.0 967
99.1 962
99.2 964
99.3 961
99.4 958
99.5 955
99.6 957
99.7 959
99.8 957
99.9 953
100.0 955
100.1 957
100.2 955
100.3 949
100.4 948
100.5 952
100.6 949
100.7 943
100.8 949
100.9 945
101.0 945
101.1 940
101.2 940
101.3 939
101.4 940
101.5 937
101.6 937
101.7 937
101.8 938
101.9 932
102.0 933
102.1 933
102.2 936
102.3 933
102.4 929
102.5 931
102.6 927
102.7 931
102.8 926
102.9 925
103.0 924
103.1 928
103.2 925
103.3 917
103.4 920
103.5 919
103.6 918
103.7 915
103.8 916
103.9 922
104.0 921
104.1 914
104.2 909
104.3 914
104.4 914
104.5 916
104.6 914
104.7 918
104.8 919
104.9 910
105.0 906
105.1 909
105.2 912
105.3 907
105.4 903
105.5 902
105.6 908
105.7 905
105.8 907
105.9 902
106.0 902
106.1 909
106.2 897
106.3 895
106.4 897
106.5 900
106.6 896
106.7 891
106.8 893
106.9 896
107.0 896
107.1 888
107.2 884
107.3 887
107.4 887
107.5 892
107.6 883
107.7 884
107.8 884
107.9 879
108.0 880
108.1 883
108.2 882
108.3 895
108.4 880
108.5 876
108.6 874
108.7 878
108.8 869
108.9 866
109.0 872
109.1 872
109.2 870
109.3 866
109.4 872
109.5 869
109.6 869
109.7 865
109.8 866
109.9 867
110.0 866
110.1 861
110.2 864
110.3 864
110.4 859
110.5 858
110.6 856
110.7 853
110.8 858
110.9 855
111.0 853
111.1 851
111.2 852
111.3 849
111.4 850
111.5 849
111.6 850
111.7 848
111.8 845
111.9 846
112.0 845
112.1 849
112.2 846
112.3 845
112.4 841
112.5 844
112.6 840
112.7 839
112.8 843
112.9 843
113.0 840
113.1 836
113.2 837
113.3 837
113.4 837
113.5 836
113.6 833
113.7 835
113.8 837
113.9 833
114.0 831
114.1 834
114.2 837
114.3 833
114.4 828
114.5 828
114.6 830
114.7 825
114.8 826
114.9 824
115.0 826
115.1 825
115.2 822
115.3 823
115.4 820
115.5 820
115.6 825
115.7 822
115.8 818
115.9 819
116.0 816
116.1 817
116.2 815
116.3 822
116.4 822
116.5 818
116.6 811
116.7 816
116.8 815
116.9 815
117.0 817
117.1 814
117.2 814
117.3 810
117.4 810
117.5 806
117.6 813
117.7 813
117.8 810
117.9 806
118.0 814
118.1 805
118.2 814
118.3 808
118.4 808
118.5 803
118.6 801
118.7 804
118.8 801
118.9 803
119.0 805
119.1 807
119.2 802
119.3 799
119.4 797
119.5 797
119.6 797
119.7 801
119.8 801
119.9 798
120.0 800
120.1 795
120.2 792
120.3 792
120.4 793
120.5 796
120.6 793
120.7 794
120.8 793
120.9 794
121.0 800
121.1 791
121.2 790
121.3 790
121.4 789
121.5 788
121.6 787
121.7 805
121.8 787
121.9 784
122.0 780
122.1 788
122.2 789
122.3 780
122.4 780
122.5 784
122.6 782
122.7 795
122.8 779
122.9 778
123.0 781
123.1 778
123.2 777
123.3 774
123.4 779
123.5 780
123.6 772
123.7 769
123.8 776
123.9 776
124.0 773
124.1 771
124.2 777
124.3 774
124.4 771
124.5 772
124.6 771
124.7 772
124.8 770
124.9 777
125.0 768
125.1 770
125.2 771
125.3 766
125.4 765
125.5 767
125.6 766
125.7 764
125.8 769
125.9 767
126.0 769
126.1 763
126.2 764
126.3 761
126.4 769
126.5 762
126.6 765
126.7 759
126.8 760
126.9 756
127.0 756
127.1 754
127.2 759
127.3 761
127.4 758
127.5 756
127.6 757
127.7 759
127.8 756
127.9 755
128.0 754
128.1 756
128.2 755
128.3 756
128.4 752
128.5 750
128.6 750
128.7 752
128.8 757
128.9 753
129.0 755
129.1 752
129.2 750
129.3 754
129.4 752
129.5 746
129.6 749
129.7 754
129.8 747
129.9 744
130.0 746
130.1 744
130.2 748
130.3 745
130.4 742
130.5 743
130.6 747
130.7 744
130.8 745
130.9 744
131.0 745
131.1 742
131.2 742
131.3 739
131.4 744
131.5 737
131.6 738
131.7 736
131.8 740
131.9 739
132.0 734
132.1 730
132.2 735
132.3 736
132.4 733
132.5 732
132.6 735
132.7 734
132.8 730
132.9 728
133.0 731
133.1 731
133.2 727
133.3 731
133.4 726
133.5 728
133.6 729
133.7 726
133.8 724
133.9 726
134.0 730
134.1 727
134.2 727
134.3 728
134.4 727
134.5 726
134.6 719
134.7 719
134.8 723
134.9 723
135.0 719
135.1 721
135.2 723
135.3 725
135.4 724
135.5 719
135.6 727
135.7 723
135.8 716
135.9 714
136.0 716
136.1 717
136.2 715
136.3 713
136.4 714
136.5 716
136.6 714
136.7 712
136.8 712
136.9 713
137.0 711
137.1 708
137.2 718
137.3 711
137.4 708
137.5 708
137.6 710
137.7 704
137.8 708
137.9 709
138.0 707
138.1 706
138.2 706
138.3 706
138.4 706
138.5 705
138.6 704
138.7 704
138.8 704
138.9 702
139.0 703
139.1 701
139.2 703
139.3 701
139.4 700
139.5 701
139.6 702
139.7 700
139.8 700
139.9 700
140.0 700
140.1 700
140.2 700
140.3 700
140.4 703
140.5 701
140.6 698
140.7 697
140.8 701
140.9 700
141.0 695
141.1 699
141.2 700
141.3 697
141.4 696
141.5 701
141.6 697
141.7 698
141.8 696
141.9 696
142.0 695
142.1 696
142.2 694
142.3 696
142.4 691
142.5 694
142.6 693
142.7 692
142.8 691
142.9 692
143.0 694
143.1 692
143.2 691
143.3 692
143.4 693
143.5 693
143.6 690
143.7 689
143.8 688
143.9 688
144.0 687
144.1 686
144.2 688
144.3 687
144.4 686
144.5 686
144.6 685
144.7 687
144.8 685
144.9 684
145.0 684
145.1 684
145.2 682
145.3 686
145.4 681
145.5 683
145.6 682
145.7 682
145.8 681
145.9 683
146.0 683
146.1 681
146.2 677
146.3 678
146.4 679
146.5 679
146.6 679
146.7 678
146.8 677
146.9 677
147.0 679
147.1 677
147.2 678
147.3 676
147.4 677
147.5 677
147.6 675
147.7 677
147.8 674
147.9 674
148.0 677
148.1 673
148.2 673
148.3 673
148.4 672
148.5 672
148.6 671
148.7 674
148.8 673
148.9 670
149.0 671
149.1 672
149.2 670
149.3 671
149.4 670
149.5 670
149.6 670
149.7 669
149.8 669
149.9 670
150.0 668
150.1 671
150.2 665
150.3 667
150.4 670
150.5 667
150.6 667
150.7 667
150.8 667
150.9 666
151.0 664
151.1 664
151.2 664
151.3 666
151.4 665
151.5 665
151.6 666
151.7 662
151.8 665
151.9 665
152.0 665
152.1 659
152.2 663
152.3 664
152.4 662
152.5 659
152.6 661
152.7 664
152.8 663
152.9 660
153.0 661
153.1 660
153.2 659
153.3 661
153.4 659
153.5 657
153.6 660
153.7 658
153.8 659
153.9 657
154.0 659
154.1 663
154.2 657
154.3 656
154.4 659
154.5 660
154.6 663
154.7 659
154.8 659
154.9 658
155.0 659
155.1 655
155.2 656
155.3 657
155.4 655
155.5 656
155.6 655
155.7 655
155.8 654
155.9 655
156.0 654
156.1 655
156.2 652
156.3 653
156.4 657
156.5 651
156.6 650
156.7 653
156.8 654
156.9 651
157.0 649
157.1 655
157.2 655
157.3 650
157.4 646
157.5 651
157.6 654
157.7 650
157.8 646
157.9 647
158.0 650
158.1 649
158.2 647
158.3 644
158.4 651
158.5 649
158.6 643
158.7 647
158.8 644
158.9 649
159.0 645
159.1 642
159.2 647
159.3 649
159.4 646
159.5 643
159.6 645
159.7 642
159.8 644
159.9 646
160.0 647
160.1 645
160.2 642
160.3 643
160.4 640
160.5 644
160.6 646
160.7 640
160.8 643
160.9 645
161.0 640
161.1 640
161.2 641
161.3 641
161.4 640
161.5 643
161.6 640
161.7 641
161.8 640
161.9 638
162.0 641
162.1 641
162.2 639
162.3 636
162.4 640
162.5 641
162.6 639
162.7 638
162.8 637
162.9 639
163.0 638
163.1 636
163.2 639
163.3 638
163.4 639
163.5 638
163.6 635
163.7 636
163.8 640
163.9 637
164.0 635
164.1 637
164.2 638
164.3 637
164.4 637
164.5 635
164.6 639
164.7 641
164.8 635
164.9 635
165.0 637
165.1 634
165.2 634
165.3 636
165.4 640
165.5 638
165.6 636
165.7 635
165.8 636
165.9 637
166.0 635
166.1 634
166.2 633
166.3 639
166.4 635
166.5 631
166.6 636
166.7 639
166.8 636
166.9 631
167.0 635
167.1 636
167.2 634
167.3 632
167.4 633
167.5 635
167.6 633
167.7 632
167.8 633
167.9 633
168.0 639
168.1 633
168.2 631
168.3 635
168.4 637
168.5 637
168.6 633
168.7 635
168.8 635
168.9 632
169.0 631
169.1 635
169.2 640
169.3 635
169.4 634
169.5 633
169.6 633
169.7 631
169.8 632
169.9 631
170.0 632
170.1 632
170.2 631
170.3 629
170.4 631
170.5 633
170.6 633
170.7 634
170.8 636
170.9 632
171.0 630
171.1 628
171.2 630
171.3 634
171.4 629
171.5 627
171.6 627
171.7 629
171.8 629
171.9 626
172.0 626
172.1 629
172.2 628
172.3 629
172.4 624
172.5 630
172.6 631
172.7 635
172.8 627
172.9 628
173.0 627
173.1 626
173.2 623
173.3 627
173.4 628
173.5 622
173.6 623
173.7 626
173.8 626
173.9 625
174.0 622
174.1 625
174.2 628
174.3 624
174.4 622
174.5 623
174.6 624
174.7 628
174.8 624
174.9 625
175.0 626
175.1 626
175.2 623
175.3 624
175.4 626
175.5 626
175.6 625
175.7 625
175.8 626
175.9 625
176.0 623
176.1 621
176.2 623
176.3 625
176.4 623
176.5 619
176.6 621
176.7 627
176.8 623
176.9 625
177.0 622
177.1 623
177.2 622
177.3 620
177.4 620
177.5 622
177.6 624
177.7 620
177.8 617
177.9 621
178.0 622
178.1 620
178.2 619
178.3 621
178.4 620
178.5 618
178.6 620
178.7 621
178.8 618
178.9 620
179.0 622
179.1 622
179.2 619
179.3 617
179.4 622
179.5 622
179.6 619
179.7 615
179.8 619
179.9 623
180.0 619
180.1 617
180.2 615
180.3 621
180.4 620
180.5 615
180.6 615
180.7 618
180.8 619
180.9 617
181.0 618
181.1 617
181.2 620
181.3 614
