#Press Ctrl-C to quit...
#channel 0 minus channel 1
0 -4
0.1 -28
0.2 -23
0.3 -10
0.4 -38
0.5 -2
0.6 -36
0.7 -13
0.8 -20
0.9 -30
1.0 -5
1.1 -40
1.2 -5
1.3 -31
1.4 -18
1.5 -15
1.6 -36
1.7 -2
1.8 -39
1.9 -7
2.0 -27
2.1 -24
2.2 -10
2.3 -38
2.4 -2
2.5 -37
2.6 -10
2.7 -23
2.8 -29
2.9 -5
3.0 -40
3.1 -4
3.2 -32
3.3 -18
3.4 -12
3.5 -37
3.6 -2
3.7 -38
3.8 -10
3.9 -23
4.0 -30
4.1 -2
4.2 -37
4.3 -19
4.4 -9
4.5 -40
4.6 -9
4.7 -20
4.8 -36
4.9 -3
5.0 -30
5.1 -26
5.2 -4
5.3 -36
5.4 -20
5.5 -8
5.6 -40
5.7 -9
5.8 -20
5.9 -37
6.0 -3
6.1 -26
6.2 -33
6.3 -2
6.4 -33
6.5 -23
6.6 -6
6.7 -39
6.8 -13
6.9 -15
7.0 -39
7.1 -5
7.2 -26
7.3 -31
7.4 -3
7.5 -34
7.6 -22
7.7 -6
7.8 -39
7.9 -12
8.0 -16
8.1 -39
8.2 -4
8.3 -27
8.4 -30
8.5 -2
8.6 -37
8.7 -18
8.8 -9
8.9 -40
9.0 -8
9.1 -21
9.2 -36
9.3 -2
9.4 -31
9.5 -27
9.6 -2
9.7 -38
9.8 -17
9.9 -11
10.0 -40
10.1 -7
10.2 -23
10.3 -35
10.4 -3
10.5 -34
10.6 -23
10.7 -6
10.8 -40
10.9 -10
11.0 -17
11.1 -39
11.2 -3
11.3 -27
11.4 -31
11.5 -3
11.6 -36
11.7 -20
11.8 -6
11.9 -40
12.0 -11
12.1 -17
12.2 -39
12.3 -3
12.4 -28
12.5 -30
12.6 -2
12.7 -37
12.8 -17
12.9 -10
13.0 -41
13.1 -7
13.2 -22
13.3 -35
13.4 -2
13.5 -32
13.6 -24
13.7 -4
13.8 -40
13.9 -13
14.0 -14
14.1 -39
14.2 -3
14.3 -27
14.4 -31
14.5 -2
14.6 -36
14.7 -19
14.8 -6
14.9 -41
15.0 -13
15.1 -13
15.2 -41
15.3 -5
15.4 -22
15.5 -38
15.6 1
15.7 -35
15.8 -25
15.9 0
16.0 -44
16.1 -12
16.2 -13
16.3 -42
16.4 -3
16.5 -27
16.6 -32
16.7 -1
16.8 -36
16.9 -20
17.0 -6
17.1 -42
17.2 -9
17.3 -19
17.4 -38
17.5 -2
17.6 -30
17.7 -28
17.8 -2
17.9 -38
18.0 -17
18.1 -10
18.2 -41
18.3 -6
18.4 -21
18.5 -38
18.6 -2
18.7 -30
18.8 -31
18.9 0
19.0 -39
19.1 -19
19.2 -5
19.3 -46
19.4 -5
19.5 -21
19.6 -42
19.7 5
19.8 -38
19.9 -25
20.0 2
20.1 -48
20.2 -8
20.3 -12
20.4 -48
20.5 4
20.6 -27
20.7 -39
20.8 8
20.9 -41
21.0 -22
21.1 2
21.2 -50
21.3 -4
21.4 -15
21.5 -47
21.6 7
21.7 -34
21.8 -31
21.9 7
22.0 -48
22.1 -13
22.2 -5
22.3 -51
22.4 1
22.5 -23
22.6 -42
22.7 6
22.8 -38
22.9 -29
23.0 7
23.1 -49
23.2 -11
23.3 -6
23.4 -53
23.5 4
23.6 -20
23.7 -38
23.8 28
23.9 -116
24.0 45
24.1 2847
24.2 -1887
24.3 17391
24.4 20059
24.5 21193
24.6 23408
24.7 26588
24.8 27937
24.9 28950
25.0 29124
25.1 28608
25.2 27468
25.3 26066
25.4 24596
25.5 23115
25.6 21780
25.7 20583
25.8 19480
25.9 18538
26.0 17666
26.1 16862
26.2 16184
26.3 15535
26.4 14942
26.5 14440
26.6 13933
26.7 13504
26.8 13124
26.9 12725
27.0 12397
27.1 12089
27.2 11771
27.3 11524
27.4 11249
27.5 10995
27.6 10800
27.7 10560
27.8 10360
27.9 10192
28.0 9978
28.1 9831
28.2 9677
28.3 9489
28.4 9373
28.5 9216
28.6 9071
28.7 8975
28.8 8821
28.9 8705
29.0 8612
29.1 8464
29.2 8383
29.3 8278
29.4 8148
29.5 8083
29.6 7972
29.7 7871
29.8 7815
29.9 7696
30.0 7623
30.1 7557
30.2 7446
30.3 7400
30.4 7322
30.5 7231
30.6 7196
30.7 7099
30.8 7036
30.9 6997
31.0 6896
31.1 6856
31.2 6804
31.3 6709
31.4 6682
31.5 6614
31.6 6540
31.7 6527
31.8 6441
31.9 6395
32.0 6369
32.1 6286
32.2 6251
32.3 6212
32.4 6133
32.5 6120
32.6 6062
32.7 5997
32.8 5989
32.9 5917
33.0 5879
33.1 5860
33.2 5779
33.3 5758
33.4 5723
33.5 5651
33.6 5647
33.7 5589
33.8 5537
33.9 5536
34.0 5465
34.1 5440
34.2 5421
34.3 5347
34.4 5344
34.5 5299
34.6 5244
34.7 5245
34.8 5191
34.9 5151
35.0 5150
35.1 5082
35.2 5063
35.3 5051
35.4 4988
35.5 4977
35.6 4953
35.7 4893
35.8 4901
35.9 4853
36.0 4814
36.1 4820
36.2 4760
36.3 4743
36.4 4735
36.5 4673
36.6 4679
36.7 4641
36.8 4605
36.9 4608
37.0 4542
37.1 4560
37.2 4506
37.3 4497
37.4 4478
37.5 4429
37.6 4443
37.7 4383
37.8 4396
37.9 4351
38.0 4332
38.1 4330
38.2 4277
38.3 4292
38.4 4236
38.5 4243
38.6 4217
38.7 4183
38.8 4196
38.9 4135
39.0 4156
39.1 4110
39.2 4105
39.3 4092
39.4 4046
39.5 4066
39.6 4008
39.7 4024
39.8 3986
39.9 3972
40.0 3975
40.1 3925
40.2 3949
40.3 3898
40.4 3890
40.5 3900
40.6 3845
40.7 3858
40.8 3843
40.9 3797
41.0 3822
41.1 3783
41.2 3761
41.3 3783
41.4 3732
41.5 3731
41.6 3737
41.7 3685
41.8 3706
41.9 3682
42.0 3646
42.1 3672
42.2 3630
42.3 3618
42.4 3633
42.5 3580
42.6 3587
42.7 3595
42.8 3538
42.9 3555
43.0 3548
43.1 3501
43.2 3532
43.3 3500
43.4 3474
43.5 3499
43.6 3449
43.7 3455
43.8 3457
43.9 3408
44.0 3432
44.1 3405
44.2 3380
44.3 3404
44.4 3362
44.5 3353
44.6 3369
44.7 3321
44.8 3337
44.9 3329
45.0 3290
45.1 3316
45.2 3284
45.3 3266
45.4 3286
45.5 3240
45.6 3251
45.7 3254
45.8 3207
45.9 3230
46.0 3214
46.1 3181
46.2 3209
46.3 3169
46.4 3160
46.5 3186
46.6 3135
46.7 3139
46.8 3154
46.9 3106
47.0 3122
47.1 3118
47.2 3076
47.3 3109
47.4 3074
47.5 3059
47.6 3086
47.7 3040
47.8 3052
47.9 3053
48.0 3008
48.1 3036
48.2 3013
48.3 2989
48.4 3018
48.5 2975
48.6 2976
48.7 2993
48.8 2943
48.9 2966
49.0 2957
49.1 2920
49.2 2952
49.3 2915
49.4 2908
49.5 2932
49.6 2886
49.7 2903
49.8 2906
49.9 2861
50.0 2890
50.1 2867
50.2 2847
50.3 2877
50.4 2835
50.5 2827
50.6 2855
50.7 2809
50.8 2821
50.9 2830
51.0 2781
51.1 2814
51.2 2794
51.3 2764
51.4 2796
51.5 2756
51.6 2758
51.7 2775
51.8 2727
51.9 2749
52.0 2740
52.1 2710
52.2 2743
52.3 2705
52.4 2699
52.5 2725
52.6 2676
52.7 2693
52.8 2695
52.9 2655
53.0 2685
53.1 2663
53.2 2640
53.3 2670
53.4 2631
53.5 2637
53.6 2652
53.7 2603
53.8 2633
53.9 2620
54.0 2587
54.1 2621
54.2 2589
54.3 2575
54.4 2604
54.5 2565
54.6 2566
54.7 2587
54.8 2541
54.9 2564
55.0 2561
55.1 2522
55.2 2553
55.3 2529
55.4 2512
55.5 2540
55.6 2500
55.7 2507
55.8 2519
55.9 2474
56.0 2506
56.1 2491
56.2 2463
56.3 2496
56.4 2457
56.5 2457
56.6 2476
56.7 2431
56.8 2458
56.9 2451
57.0 2415
57.1 2452
57.2 2420
57.3 2415
57.4 2438
57.5 2398
57.6 2415
57.7 2422
57.8 2379
57.9 2415
58.0 2400
58.1 2373
58.2 2410
58.3 2376
58.4 2368
58.5 2398
58.6 2354
58.7 2372
58.8 2379
58.9 2336
59.0 2366
59.1 2349
59.2 2324
59.3 2358
59.4 2320
59.5 2317
59.6 2339
59.7 2292
59.8 2317
59.9 2318
60.0 2280
60.1 2313
60.2 2281
60.3 2270
60.4 2299
60.5 2258
60.6 2274
60.7 2276
60.8 2239
60.9 2273
61.0 2255
61.1 2230
61.2 2263
61.3 2221
61.4 2227
61.5 2245
61.6 2200
61.7 2226
61.8 2224
61.9 2189
62.0 2221
62.1 2192
62.2 2181
62.3 2212
62.4 2166
62.5 2178
62.6 2190
62.7 2147
62.8 2181
62.9 2162
63.0 2138
63.1 2173
63.2 2135
63.3 2135
63.4 2158
63.5 2112
63.6 2135
63.7 2137
63.8 2098
63.9 2130
64.0 2108
64.1 2100
64.2 2117
64.3 2074
64.4 2113
64.5 2071
64.6 2093
64.7 2083
64.8 2062
64.9 2091
65.0 2045
65.1 2083
65.2 2046
65.3 2056
65.4 2064
65.5 2032
65.6 2069
65.7 2018
65.8 2054
65.9 2024
66.0 2021
66.1 2038
66.2 2002
66.3 2040
66.4 1992
66.5 2020
66.6 2003
66.7 1992
66.8 2015
66.9 1974
67.0 2012
67.1 1969
67.2 1988
67.3 1979
67.4 1959
67.5 1992
67.6 1951
67.7 1958
67.8 1978
67.9 1931
68.0 1961
68.1 1951
68.2 1924
68.3 1964
68.4 1924
68.5 1928
68.6 1948
68.7 1902
68.8 1929
68.9 1927
69.0 1891
69.1 1929
69.2 1901
69.3 1896
69.4 1918
69.5 1880
69.6 1887
69.7 1905
69.8 1867
69.9 1893
70.0 1883
70.1 1853
70.2 1892
70.3 1859
70.4 1854
70.5 1885
70.6 1834
70.7 1859
70.8 1862
70.9 1822
71.0 1861
71.1 1842
71.2 1818
71.3 1855
71.4 1816
71.5 1822
71.6 1844
71.7 1799
71.8 1829
71.9 1823
72.0 1788
72.1 1829
72.2 1796
72.3 1787
72.4 1818
72.5 1778
72.6 1794
72.7 1802
72.8 1760
72.9 1798
73.0 1783
73.1 1756
73.2 1793
73.3 1755
73.4 1762
73.5 1780
73.6 1736
73.7 1763
73.8 1767
73.9 1727
74.0 1760
74.1 1743
74.2 1722
74.3 1760
74.4 1720
74.5 1727
74.6 1749
74.7 1705
74.8 1731
74.9 1736
75.0 1694
75.1 1731
75.2 1714
75.3 1691
75.4 1727
75.5 1688
75.6 1693
75.7 1716
75.8 1680
75.9 1699
76.0 1697
76.1 1666
76.2 1704
76.3 1678
76.4 1666
76.5 1697
76.6 1655
76.7 1667
76.8 1685
76.9 1641
77.0 1672
77.1 1657
77.2 1634
77.3 1672
77.4 1637
77.5 1638
77.6 1662
77.7 1621
77.8 1643
77.9 1646
78.0 1605
78.1 1649
78.2 1619
78.3 1609
78.4 1640
