#Press Ctrl-C to quit...
#channel one minus channel two
0 -45
0.1 -8
0.2 -37
0.3 -25
0.4 -19
0.5 -41
0.6 -7
0.7 -45
0.8 -14
0.9 -33
1.0 -31
1.1 -14
1.2 -46
1.3 -8
1.4 -43
1.5 -20
1.6 -28
1.7 -38
1.8 -11
1.9 -47
2.0 -11
2.1 -40
2.2 -25
2.3 -22
2.4 -43
2.5 -10
2.6 -47
2.7 -16
2.8 -27
2.9 -47
3.0 -12
3.1 -36
3.2 -40
3.3 -9
3.4 -45
3.5 -30
3.6 -15
3.7 -50
3.8 -21
3.9 -22
4.0 -50
4.1 -15
4.2 -31
4.3 -46
4.4 -11
4.5 -43
4.6 -35
4.7 -13
4.8 -51
4.9 -22
5.0 -25
5.1 -51
5.2 -13
5.3 -32
5.4 -47
5.5 -12
5.6 -43
5.7 -36
5.8 -15
5.9 -52
6.0 -23
6.1 -26
6.2 -52
6.3 -15
6.4 -39
6.5 -43
6.6 -14
6.7 -50
6.8 -30
6.9 -21
7.0 -54
7.1 -18
7.2 -36
7.3 -47
7.4 -14
7.5 -48
7.6 -36
7.7 -18
7.8 -54
7.9 -24
8.0 -29
8.1 -53
8.2 -16
8.3 -44
8.4 -41
8.5 -17
8.6 -54
8.7 -27
8.8 -29
8.9 -54
9.0 -17
9.1 -43
9.2 -43
9.3 -17
9.4 -55
9.5 -29
9.6 -28
9.7 -55
9.8 -18
9.9 -42
10.0 -46
10.1 -16
10.2 -54
10.3 -32
10.4 -26
10.5 -57
10.6 -20
10.7 -41
10.8 -49
10.9 -17
11.0 -53
11.1 -34
11.2 -26
11.3 -58
11.4 -23
11.5 -41
11.6 -51
11.7 -18
11.8 -53
11.9 -38
12.0 -25
12.1 -59
12.2 -25
12.3 -38
12.4 -54
12.5 -19
12.6 -53
12.7 -40
12.8 -24
12.9 -60
13.0 -26
13.1 -39
13.2 -55
13.3 -20
13.4 -54
13.5 -41
13.6 -25
13.7 -60
13.8 -28
13.9 -37
14.0 -59
14.1 -21
14.2 -49
14.3 -48
14.4 -22
14.5 -60
14.6 -35
14.7 -33
14.8 -61
14.9 -23
15.0 -49
15.1 -51
15.2 -22
15.3 -60
15.4 -36
15.5 -34
15.6 -61
15.7 -25
15.8 -48
15.9 -50
16.0 -28
16.1 -62
16.2 -23
16.3 -59
16.4 -41
16.5 -31
16.6 -64
16.7 -29
16.8 -44
16.9 -59
17.0 -24
17.1 -57
17.2 -45
17.3 -29
17.4 -65
17.5 -31
17.6 -44
17.7 -60
17.8 -25
17.9 -58
18.0 -46
18.1 -29
18.2 -66
18.3 -32
18.4 -44
18.5 -61
18.6 -25
18.7 -59
18.8 -47
18.9 -29
19.0 -66
19.1 -35
19.2 -41
19.3 -64
19.4 -27
19.5 -54
19.6 -53
19.7 -28
19.8 -65
19.9 -39
20.0 -40
20.1 -66
20.2 -28
20.3 -55
20.4 -55
20.5 -28
20.6 -67
20.7 -40
20.8 -40
20.9 -67
21.0 -29
21.1 -56
21.2 -56
21.3 -29
21.4 -66
21.5 -42
21.6 -39
21.7 -68
21.8 -32
21.9 -53
22.0 -61
22.1 -29
22.2 -66
22.3 -45
22.4 -38
22.5 -70
22.6 -32
22.7 -54
22.8 -62
22.9 -29
23.0 -68
23.1 -47
23.2 -38
23.3 -71
23.4 -34
23.5 -54
23.6 -66
23.7 -30
23.8 -65
23.9 -53
24.0 -34
24.1 -72
24.2 -38
24.3 -49
24.4 -69
24.5 -31
24.6 -63
24.7 -55
24.8 -34
24.9 -73
25.0 -40
25.1 -49
25.2 -65
25.3 -33
25.4 -73
25.5 -44
25.6 -44
25.7 -73
25.8 -34
25.9 -59
26.0 -64
26.1 -32
26.2 -70
26.3 -51
26.4 -40
26.5 -75
26.6 -37
26.7 -56
26.8 -68
26.9 -30
27.0 -72
27.1 -53
27.2 -37
27.3 -82
27.4 -32
27.5 -56
27.6 -77
27.7 -23
27.8 -73
27.9 -61
28.0 -26
28.1 -89
28.2 -37
28.3 -48
28.4 -86
28.5 -21
28.6 -73
28.7 -65
28.8 -23
28.9 -118
29.0 1297
29.1 16586
29.2 14708
29.3 14637
29.4 15244
29.5 16374
29.6 17308
29.7 17677
29.8 17549
29.9 17023
30.0 16382
30.1 15738
30.2 15047
30.3 14439
30.4 13842
30.5 13300
30.6 12883
30.7 12455
30.8 12099
30.9 11810
31.0 11494
31.1 11272
31.2 11058
31.3 10838
31.4 10703
31.5 10530
31.6 10385
31.7 10298
31.8 10154
31.9 10075
32.0 10004
32.1 9891
32.2 9857
32.3 9782
32.4 9714
32.5 9701
32.6 9623
32.7 9597
32.8 9583
32.9 9518
33.0 9526
33.1 9488
33.2 9456
33.3 9474
33.4 9425
33.5 9424
33.6 9430
33.7 9383
33.8 9405
33.9 9386
34.0 9353
34.1 9382
34.2 9354
34.3 9335
34.4 9368
34.5 9327
34.6 9327
34.7 9345
34.8 9304
34.9 9328
35.0 9322
35.1 9288
35.2 9323
35.3 9295
35.4 9275
35.5 9304
35.6 9266
35.7 9271
35.8 9290
35.9 9245
36.0 9275
36.1 9270
36.2 9242
36.3 9282
36.4 9252
36.5 9252
36.6 9283
36.7 9240
36.8 9271
36.9 9277
37.0 9247
37.1 9288
37.2 9265
37.3 9265
37.4 9303
37.5 9268
37.6 9294
37.7 9309
37.8 9278
37.9 9317
38.0 9315
38.1 9296
38.2 9343
38.3 9318
38.4 9326
38.5 9363
38.6 9331
38.7 9365
38.8 9377
38.9 9350
39.0 9395
39.1 9390
39.2 9375
39.3 9423
39.4 9402
39.5 9412
39.6 9449
39.7 9417
39.8 9452
39.9 9462
40.0 9443
40.1 9493
40.2 9478
40.3 9481
40.4 9523
40.5 9496
40.6 9525
40.7 9548
40.8 9518
40.9 9570
41.0 9567
41.1 9555
41.2 9609
41.3 9584
41.4 9602
41.5 9641
41.6 9608
41.7 9651
41.8 9660
41.9 9647
42.0 9699
42.1 9679
42.2 9689
42.3 9737
42.4 9702
42.5 9743
42.6 9768
42.7 9737
42.8 9782
42.9 9793
43.0 9775
43.1 9831
43.2 9814
43.3 9825
43.4 9869
43.5 9848
43.6 9866
43.7 9905
43.8 9873
43.9 9916
44.0 9927
44.1 9911
44.2 9963
44.3 9952
44.4 9952
44.5 10002
44.6 9972
44.7 10010
44.8 10032
44.9 10006
45.0 10061
45.1 10055
45.2 10054
45.3 10103
45.4 10077
45.5 10098
45.6 10134
45.7 10106
45.8 10151
45.9 10154
46.0 10146
46.1 10200
46.2 10177
46.3 10190
46.4 10235
46.5 10206
46.6 10238
46.7 10264
46.8 10238
46.9 10290
47.0 10281
47.1 10277
47.2 10331
47.3 10305
47.4 10326
47.5 10366
47.6 10334
47.7 10376
47.8 10388
47.9 10369
48.0 10421
48.1 10406
48.2 10414
48.3 10460
48.4 10431
48.5 10466
48.6 10487
48.7 10467
48.8 10517
48.9 10507
49.0 10506
49.1 10555
49.2 10529
49.3 10559
49.4 10586
49.5 10560
49.6 10613
49.7 10607
49.8 10603
49.9 10653
50.0 10630
50.1 10648
50.2 10686
50.3 10656
50.4 10697
50.5 10718
50.6 10691
50.7 10745
50.8 10737
50.9 10736
51.0 10790
51.1 10763
51.2 10785
51.3 10818
51.4 10788
51.5 10834
51.6 10843
51.7 10825
51.8 10882
51.9 10859
52.0 10874
52.1 10916
52.2 10885
52.3 10924
52.4 10941
52.5 10921
52.6 10975
52.7 10958
52.8 10965
52.9 11011
53.0 10982
53.1 11016
53.2 11039
53.3 11012
53.4 11062
53.5 11060
53.6 11049
53.7 11106
53.8 11078
53.9 11103
54.0 11136
54.1 11103
54.2 11151
54.3 11153
54.4 11143
54.5 11195
54.6 11173
54.7 11189
54.8 11231
54.9 11195
55.0 11241
55.1 11255
55.2 11233
55.3 11286
55.4 11274
55.5 11275
55.6 11325
55.7 11294
55.8 11323
55.9 11352
56.0 11322
56.1 11373
56.2 11369
56.3 11362
56.4 11414
56.5 11386
56.6 11405
56.7 11442
56.8 11414
56.9 11451
57.0 11466
57.1 11446
57.2 11500
57.3 11484
57.4 11486
57.5 11535
57.6 11501
57.7 11534
57.8 11557
57.9 11529
58.0 11580
58.1 11571
58.2 11571
58.3 11616
58.4 11590
58.5 11620
58.6 11646
58.7 11615
58.8 11667
58.9 11660
59.0 11653
59.1 11706
59.2 11676
59.3 11700
59.4 11735
59.5 11702
59.6 11743
59.7 11757
59.8 11732
59.9 11785
60.0 11770
60.1 11774
60.2 11820
60.3 11788
60.4 11818
60.5 11847
60.6 11812
60.7 11864
60.8 11859
60.9 11848
61.0 11901
61.1 11875
61.2 11894
61.3 11933
61.4 11899
61.5 11943
61.6 11952
61.7 11929
61.8 11981
61.9 11965
62.0 11971
62.1 12018
62.2 11983
62.3 12016
62.4 12039
62.5 12008
62.6 12060
62.7 12052
62.8 12045
62.9 12097
63.0 12070
63.1 12083
63.2 12124
63.3 12095
63.4 12128
63.5 12146
63.6 12118
63.7 12172
63.8 12158
63.9 12160
64.0 12208
64.1 12177
64.2 12198
64.3 12237
64.4 12204
64.5 12242
64.6 12258
64.7 12231
64.8 12284
64.9 12275
65.0 12268
65.1 12320
65.2 12287
65.3 12312
65.4 12342
65.5 12307
65.6 12359
65.7 12359
65.8 12343
65.9 12396
66.0 12370
66.1 12383
66.2 12422
66.3 12386
66.4 12428
66.5 12437
66.6 12413
66.7 12465
66.8 12448
66.9 12453
67.0 12500
67.1 12462
67.2 12499
67.3 12520
67.4 12489
67.5 12540
67.6 12527
67.7 12526
67.8 12577
67.9 12545
68.0 12563
68.1 12601
68.2 12565
68.3 12606
68.4 12617
68.5 12591
68.6 12647
68.7 12625
68.8 12632
68.9 12676
69.0 12641
69.1 12678
69.2 12695
69.3 12665
69.4 12719
69.5 12713
69.6 12698
69.7 12753
69.8 12722
69.9 12741
70.0 12779
70.1 12746
70.2 12788
70.3 12790
70.4 12767
70.5 12828
70.6 12796
70.7 12809
70.8 12856
70.9 12813
71.0 12860
71.1 12872
71.2 12839
71.3 12901
71.4 12880
71.5 12876
71.6 12934
71.7 12890
71.8 12919
71.9 12956
72.0 12912
72.1 12966
72.2 12963
72.3 12938
72.4 13005
72.5 12972
72.6 12986
72.7 13032
72.8 12987
72.9 13032
73.0 13046
73.1 13012
73.2 13069
73.3 13054
73.4 13046
73.5 13101
73.6 13062
73.7 13092
73.8 13120
73.9 13078
74.0 13134
74.1 13131
74.2 13108
74.3 13171
74.4 13136
74.5 13152
74.6 13190
74.7 13153
74.8 13198
74.9 13200
75.0 13180
75.1 13238
75.2 13207
75.3 13218
75.4 13260
75.5 13217
75.6 13261
75.7 13279
75.8 13241
75.9 13297
76.0 13285
76.1 13276
76.2 13330
76.3 13297
76.4 13321
76.5 13356
76.6 13311
76.7 13360
76.8 13366
76.9 13336
77.0 13398
77.1 13375
77.2 13375
77.3 13426
77.4 13387
77.5 13414
77.6 13445
77.7 13405
77.8 13457
77.9 13450
78.0 13440
78.1 13496
78.2 13455
78.3 13483
78.4 13511
78.5 13470
78.6 13520
78.7 13523
78.8 13499
78.9 13557
79.0 13526
79.1 13536
79.2 13579
79.3 13537
79.4 13579
79.5 13591
79.6 13563
79.7 13622
79.8 13597
79.9 13598
80.0 13648
80.1 13607
80.2 13642
80.3 13661
80.4 13621
80.5 13680
80.6 13673
80.7 13652
80.8 13712
80.9 13676
81.0 13693
81.1 13732
81.2 13697
81.3 13725
81.4 13750
81.5 13710
81.6 13764
81.7 13756
81.8 13738
81.9 13797
82.0 13760
82.1 13776
82.2 13820
82.3 13777
82.4 13816
82.5 13831
82.6 13799
82.7 13856
82.8 13831
82.9 13835
83.0 13881
83.1 13841
83.2 13878
83.3 13891
83.4 13861
83.5 13917
83.6 13895
83.7 13893
83.8 13944
83.9 13903
84.0 13938
84.1 13958
84.2 13922
84.3 13973
84.4 13972
84.5 13948
84.6 14004
84.7 13976
84.8 13980
84.9 14025
85.0 13987
85.1 14022
85.2 14039
85.3 14008
85.4 14057
85.5 14045
85.6 14032
85.7 14089
85.8 14059
85.9 14061
86.0 14111
86.1 14071
86.2 14105
86.3 14124
86.4 14088
86.5 14141
86.6 14128
86.7 14123
86.8 14169
86.9 14136
87.0 14159
87.1 14190
87.2 14146
87.3 14200
87.4 14194
87.5 14176
87.6 14233
87.7 14198
87.8 14213
87.9 14252
88.0 14208
88.1 14254
88.2 14256
88.3 14236
88.4 14291
88.5 14260
88.6 14270
88.7 14310
88.8 14273
88.9 14304
89.0 14327
89.1 14290
89.2 14339
89.3 14332
89.4 14318
89.5 14368
89.6 14344
89.7 14345
89.8 14393
89.9 14356
90.0 14384
90.1 14409
90.2 14370
90.3 14420
90.4 14412
90.5 14398
90.6 14450
90.7 14419
90.8 14433
90.9 14468
91.0 14430
91.1 14474
91.2 14481
91.3 14456
91.4 14505
91.5 14481
91.6 14486
91.7 14530
91.8 14495
91.9 14532
92.0 14549
92.1 14512
92.2 14563
92.3 14547
92.4 14539
92.5 14588
92.6 14554
92.7 14578
92.8 14604
92.9 14568
93.0 14614
93.1 14615
93.2 14589
93.3 14643
93.4 14616
93.5 14622
93.6 14666
93.7 14629
93.8 14664
93.9 14676
94.0 14647
94.1 14699
94.2 14683
94.3 14680
94.4 14725
94.5 14689
94.6 14713
94.7 14738
94.8 14703
94.9 14746
95.0 14752
95.1 14741
95.2 14779
95.3 14754
95.4 14761
95.5 14802
95.6 14762
95.7 14796
95.8 14811
95.9 14782
96.0 14831
96.1 14816
96.2 14812
96.3 14857
96.4 14819
96.5 14851
96.6 14865
96.7 14836
96.8 14888
96.9 14871
97.0 14863
97.1 14918
97.2 14877
97.3 14905
97.4 14923
97.5 14887
97.6 14940
97.7 14930
97.8 14913
97.9 14970
