#Press Ctrl-C to quit...
#channel one minus channel two
0 -1148
0.1 -890
0.2 -1450
0.3 -841
0.4 -1443
0.5 -856
0.6 -1290
0.7 -1346
0.8 -810
0.9 -1449
1.0 -898
1.1 -1442
1.2 -1044
1.3 -1226
1.4 -1453
1.5 -905
1.6 -1448
1.7 -795
1.8 -1441
1.9 -905
2.0 -1016
2.1 -1380
2.2 -561
2.3 -1446
2.4 -597
2.5 -1440
2.6 -983
2.7 -980
2.8 -1453
2.9 -673
3.0 -1445
3.1 -734
3.2 -1196
3.3 -1452
3.4 -772
3.5 -1441
3.6 -1191
3.7 -762
3.8 -1446
3.9 -859
4.0 -1106
4.1 -1451
4.2 -655
4.3 -1441
4.4 -966
4.5 -1437
4.6 -1446
4.7 -950
4.8 -1441
4.9 -1457
5.0 -1462
5.1 -1456
5.2 -1464
5.3 -1455
5.4 -1461
5.5 -1460
5.6 -1055
5.7 -1252
5.8 -923
5.9 -1277
6.0 -1416
6.1 -1449
6.2 -1431
6.3 -1140
6.4 -1304
6.5 -1408
6.6 -1447
6.7 -1435
6.8 -1443
6.9 -1432
7.0 -841
7.1 -1176
7.2 -1389
7.3 -608
7.4 -1412
7.5 -730
7.6 -1422
7.7 -1414
7.8 -1421
7.9 -1415
8.0 -859
8.1 -1368
8.2 -1420
8.3 -771
8.4 -1410
8.5 -1169
8.6 -693
8.7 -404
8.8 48
8.9 23
9.0 -27
9.1 44
9.2 -7
9.3 -18
9.4 -34
9.5 -13
9.6 -24
9.7 41
9.8 7
9.9 -22
10.0 41
10.1 -22
10.2 -7
10.3 54
10.4 -23
10.5 46
10.6 29
10.7 -22
10.8 69
10.9 -9
11.0 -19
11.1 70
11.2 -21
11.3 24
11.4 67
11.5 -22
11.6 70
11.7 14
11.8 -22
11.9 72
12.0 -21
12.1 13
12.2 71
12.3 -22
12.4 60
12.5 35
12.6 -22
12.7 73
12.8 -12
12.9 -16
13.0 62
13.1 -22
13.2 25
13.3 41
13.4 -22
13.5 40
13.6 -24
13.7 35
13.8 3
13.9 -25
14.0 22
14.1 21
14.2 -22
14.3 41
14.4 -25
14.5 39
14.6 -25
14.7 7
14.8 12
14.9 -24
15.0 81
15.1 11825
15.2 -21531
15.3 7076
15.4 -16619
15.5 -9529
15.6 1433
15.7 -19958
15.8 10917
15.9 -23654
16.0 3104
16.1 -94
16.2 208
16.3 -488
16.4 228
16.5 -211
16.6 -58
16.7 29
16.8 -42
16.9 -12
17.0 -24
17.1 -24
17.2 -3
17.3 -27
17.4 1
17.5 25
17.6 -28
17.7 35
17.8 -6
17.9 -31
18.0 42
18.1 -22
18.2 -10
18.3 19
18.4 -28
18.5 -29
18.6 -19
18.7 -18
18.8 -30
18.9 42
19.0 -23
19.1 13
19.2 53
19.3 -27
19.4 47
19.5 3
19.6 -30
19.7 55
19.8 -21
19.9 5
20.0 66
20.1 -26
20.2 47
20.3 33
20.4 -28
20.5 56
20.6 -14
20.7 -21
20.8 61
20.9 -23
21.0 27
21.1 38
21.2 -28
21.3 45
21.4 -11
21.5 -28
21.6 51
21.7 -23
21.8 17
21.9 39
22.0 -27
22.1 42
22.2 -8
22.3 -31
22.4 50
22.5 -20
22.6 -9
22.7 57
22.8 -24
22.9 21
23.0 6
23.1 -27
23.2 -21
23.3 -16
23.4 -29
23.5 -17
23.6 -19
23.7 -29
23.8 -15
23.9 -22
24.0 -27
24.1 -14
24.2 -27
24.3 -21
24.4 -15
24.5 -29
24.6 -17
24.7 -20
24.8 -29
24.9 3
25.0 -24
25.1 6
25.2 34
25.3 -26
25.4 39
25.5 10
25.6 -29
25.7 49
25.8 -19
25.9 -14
26.0 50
26.1 -24
26.2 31
26.3 30
26.4 -28
26.5 44
26.6 -12
26.7 -29
26.8 45
26.9 -22
27.0 5
27.1 41
27.2 -26
27.3 31
27.4 0
27.5 -29
27.6 29
27.7 -20
27.8 -18
27.9 10
28.0 -25
28.1 -11
28.2 -15
28.3 -29
28.4 -18
28.5 -22
28.6 -27
28.7 -19
28.8 -26
28.9 -25
29.0 -24
29.1 -24
29.2 -25
29.3 -22
29.4 -24
29.5 -25
29.6 -16
29.7 -26
29.8 -22
29.9 -13
30.0 -26
30.1 -14
30.2 -10
30.3 -25
30.4 -4
30.5 -21
30.6 -22
30.7 -1
30.8 -28
30.9 -13
31.0 -3
31.1 -26
31.2 0
31.3 -12
31.4 -25
31.5 6
31.6 -25
31.7 -10
31.8 -8
31.9 -22
32.0 3
32.1 -26
32.2 -4
32.3 -20
32.4 -12
32.5 -10
32.6 -23
32.7 -3
32.8 -28
32.9 -12
33.0 -20
33.1 -7
33.2 -28
33.3 1294
33.4 22487
33.5 32767
33.6 32767
33.7 32767
33.8 -4439
33.9 24111
34.0 -7023
34.1 29349
34.2 9364
34.3 13056
34.4 28574
34.5 -17455
34.6 32767
34.7 -23408
34.8 23368
34.9 11987
35.0 -21229
35.1 32767
35.2 -6417
35.3 -3249
35.4 32767
35.5 -23247
35.6 12774
35.7 21108
35.8 -31218
35.9 29604
36.0 6034
36.1 -18101
36.2 32767
36.3 -5388
36.4 -5025
36.5 32767
36.6 -19615
36.7 10937
36.8 24700
36.9 -32405
37.0 27949
37.1 7063
37.2 -17112
37.3 32767
37.4 -10877
37.5 410
37.6 32767
37.7 -27162
37.8 16890
37.9 15780
38.0 -28433
38.1 32671
38.2 -3027
38.3 -11744
38.4 32767
38.5 -25265
38.6 5368
38.7 19695
38.8 -32768
38.9 23832
39.0 397
39.1 -20240
39.2 32767
39.3 -17334
39.4 -1719
39.5 25689
39.6 -32768
39.7 13601
39.8 9323
39.9 -32768
40.0 27545
40.1 -5933
40.2 -18666
40.3 32767
40.4 -22218
40.5 -334
40.6 22258
40.7 -32768
40.8 26778
40.9 -14671
41.0 1756
41.1 10857
41.2 -23751
41.3 32767
41.4 -32768
41.5 21693
41.6 -7991
41.7 -3773
41.8 17435
41.9 -31077
42.0 32767
42.1 -26940
42.2 14449
42.3 -1756
42.4 -9605
42.5 27000
42.6 -32768
42.7 28998
42.8 -12592
42.9 3834
43.0 12975
43.1 -22601
43.2 32767
43.3 -32671
43.4 23449
43.5 -7063
43.6 -2385
43.7 18040
43.8 -28494
43.9 32767
44.0 -13803
44.1 -2721
44.2 31137
44.3 -32711
44.4 14893
44.5 9666
44.6 -29805
44.7 32767
44.8 -11866
44.9 -11139
45.0 31581
45.1 -29967
45.2 6558
45.3 13722
45.4 -32768
45.5 23933
45.6 -1816
45.7 -19594
45.8 32767
45.9 -19514
46.0 -1201
46.1 24861
46.2 -32768
46.3 17395
46.4 4924
46.5 -26920
46.6 32767
46.7 -11260
46.8 -12067
46.9 32767
47.0 -24276
47.1 809
47.2 23792
47.3 -32768
47.4 18969
47.5 4863
47.6 -25386
47.7 32767
47.8 -14247
47.9 -6276
48.0 29987
48.1 -32025
48.2 11018
48.3 12955
48.4 -31682
48.5 30814
48.6 -4601
48.7 -13581
48.8 32767
48.9 -22823
49.0 4520
49.1 21794
49.2 -32768
49.3 22803
49.4 3168
49.5 -20442
49.6 32767
49.7 -14489
49.8 462
49.9 15962
50.0 -23933
50.1 32767
50.2 -29947
50.3 22621
50.4 -3390
50.5 -3350
50.6 21612
50.7 -28756
50.8 32767
50.9 -23287
51.0 15094
51.1 2152
51.2 -9868
51.3 26617
51.4 -32768
51.5 32767
51.6 -17173
51.7 10110
51.8 5610
51.9 -15215
52.0 28776
52.1 -32768
52.2 31299
52.3 -22299
52.4 5993
52.5 2227
52.6 -19292
52.7 26778
52.8 -32768
52.9 27727
53.0 -16406
53.1 -9061
53.2 25931
53.3 -32768
53.4 10150
53.5 6901
53.6 -32731
53.7 30270
53.8 -13016
53.9 -12531
54.0 30269
54.1 -32768
54.2 7406
54.3 9565
54.4 -32768
54.5 25870
54.6 -7668
54.7 -16870
54.8 32767
54.9 -26698
55.0 1392
55.1 16426
55.2 -32768
55.3 21290
55.4 -2179
55.5 -21774
55.6 32767
55.7 -22016
55.8 -1975
55.9 20987
56.0 -32768
56.1 15074
56.2 4540
56.3 -30713
56.4 28897
56.5 -5852
56.6 -18121
56.7 32767
56.8 -25305
56.9 1177
57.0 17375
57.1 -32768
57.2 20301
57.3 -1493
57.4 -22783
57.5 32767
57.6 -20381
57.7 -3531
57.8 22843
57.9 -32768
58.0 15680
58.1 2286
58.2 -27545
58.3 32767
58.4 -14994
58.5 -9363
58.6 29583
58.7 -30270
58.8 8354
58.9 12915
59.0 -32768
59.1 27969
59.2 -3289
59.3 -15619
59.4 32767
59.5 -21148
59.6 2664
59.7 22964
59.8 -32768
59.9 20926
60.0 5448
60.1 -24659
60.2 32767
60.3 -9081
60.4 -7628
60.5 32767
60.6 -29543
60.7 10271
60.8 13964
60.9 -32768
61.0 30007
61.1 -4662
61.2 -13440
61.3 32767
61.4 -23550
61.5 5892
61.6 19877
61.7 -32768
61.8 24337
61.9 749
62.0 -18767
62.1 32767
62.2 -15559
62.3 -2543
62.4 29785
62.5 -30976
62.6 12431
62.7 13399
62.8 -32751
62.9 29926
63.0 -5247
63.1 -13197
63.2 32767
63.3 -24377
63.4 4863
63.5 18969
63.6 -32768
63.7 22601
63.8 2325
63.9 -22581
64.0 32767
64.1 -14469
64.2 -5711
64.3 28292
64.4 -32768
64.5 12289
64.6 6336
64.7 -30168
64.8 32509
64.9 -14328
65.0 -10453
65.1 27707
65.2 -32768
65.3 9101
65.4 7951
65.5 -32768
65.6 28595
65.7 -11220
65.8 -14832
65.9 32550
66.0 -28474
66.1 2260
66.2 17697
66.3 -32768
66.4 18041
66.5 5892
66.6 -28413
66.7 32767
66.8 -19756
66.9 -9827
67.0 20866
67.1 -32768
67.2 10130
67.3 -257
67.4 -32768
67.5 28534
67.6 -15781
67.7 -16729
67.8 30068
67.9 -31561
68.0 -1027
68.1 14186
68.2 -32768
68.3 16446
68.4 -5267
68.5 -26657
68.6 32767
68.7 -24539
68.8 -6982
68.9 18626
69.0 -32768
69.1 11180
69.2 698
69.3 -32045
69.4 31137
69.5 -18868
69.6 -12229
69.7 27182
69.8 -31622
69.9 -686
70.0 18787
70.1 -32768
70.2 10756
70.3 1400
70.4 -32207
70.5 30229
70.6 -17274
70.7 -13440
70.8 27061
70.9 -32768
71.0 5408
71.1 8253
71.2 -32768
71.3 20684
71.4 -6700
71.5 -24478
71.6 32767
71.7 -24014
71.8 -6134
71.9 19998
72.0 -32768
72.1 12612
72.2 646
72.3 -30209
72.4 32368
72.5 -18747
72.6 -10594
72.7 24458
72.8 -32768
72.9 8536
73.0 4560
73.1 -32768
73.2 28292
73.3 -14247
73.4 -15014
73.5 31621
73.6 -30350
73.7 -2112
73.8 17899
73.9 -32768
74.0 14045
74.1 -319
74.2 -29281
74.3 32469
74.4 -16931
74.5 -11200
74.6 25386
74.7 -32768
74.8 7688
74.9 8274
75.0 -32768
75.1 23489
75.2 -6377
75.3 -21350
75.4 32767
75.5 -23247
75.6 -3673
75.7 20563
75.8 -32768
75.9 12794
76.0 4016
76.1 -30774
76.2 32308
76.3 -15518
76.4 -11422
76.5 27686
76.6 -32768
76.7 7910
76.8 7789
76.9 -32768
77.0 27162
77.1 -9646
77.2 -14792
77.3 23691
77.4 -32768
77.5 31077
77.6 -21330
77.7 3632
77.8 2649
77.9 -21390
78.0 28453
78.1 -32768
78.2 21955
78.3 -13258
78.4 -3572
78.5 12249
78.6 -28917
78.7 32767
78.8 -32768
78.9 17254
79.0 -9323
79.1 -7123
79.2 15700
79.3 -32768
79.4 32767
79.5 -24861
79.6 10413
79.7 1677
79.8 -16567
79.9 28958
80.0 -32768
80.1 27243
80.2 -15720
80.3 -9848
80.4 26254
80.5 -32768
80.6 8576
80.7 6982
80.8 -32768
80.9 28030
81.0 -12632
81.1 -14267
81.2 32767
81.3 -23751
81.4 -3208
81.5 18464
81.6 -32768
81.7 16769
81.8 -1326
81.9 -25487
82.0 32767
82.1 -21411
82.2 -6013
82.3 24841
82.4 -32768
82.5 7588
82.6 11664
82.7 -32768
82.8 24377
82.9 -4177
83.0 -18545
83.1 32767
83.2 -22884
83.3 577
83.4 19715
83.5 -32768
83.6 20543
83.7 -423
83.8 -22924
83.9 32767
84.0 -22157
84.1 -2520
84.2 19191
84.3 -32768
84.4 17153
84.5 -472
84.6 -26415
84.7 32767
84.8 -20947
84.9 -6720
85.0 23267
85.1 -32768
85.2 12653
85.3 3471
85.4 -30047
85.5 32767
85.6 -14025
85.7 -10413
85.8 28332
85.9 -32768
86.0 7830
86.1 11462
86.2 -32768
86.3 23651
86.4 -10897
86.5 -3087
86.6 16668
86.7 -28292
86.8 32767
86.9 -29765
87.0 18747
87.1 -3895
87.2 -5751
87.3 21007
87.4 -31621
87.5 32767
87.6 -25144
87.7 15215
87.8 101
87.9 -8274
88.0 26294
88.1 -32768
88.2 32767
88.3 -16527
88.4 9202
88.5 5327
88.6 -16406
88.7 29180
88.8 -32768
88.9 25810
89.0 -12088
89.1 573
89.2 16870
89.3 -32768
89.4 21996
89.5 3289
89.6 -25366
89.7 32767
89.8 -14973
89.9 -8536
90.0 27263
90.1 -32768
90.2 10998
90.3 7466
90.4 -31581
90.5 31803
90.6 -12047
90.7 -11543
90.8 30754
90.9 -31803
91.0 8455
91.1 11058
91.2 -32768
91.3 28413
91.4 -7164
91.5 -14892
91.6 32767
91.7 -26072
91.8 2785
91.9 18283
92.0 -32768
92.1 21633
92.2 -1513
92.3 -21511
92.4 32767
92.5 -21895
92.6 -897
92.7 20220
92.8 -32768
92.9 18949
93.0 3007
93.1 -24841
93.2 32767
93.3 -12976
93.4 -7870
93.5 32388
93.6 -29987
93.7 9222
93.8 13339
93.9 -32768
94.0 27767
94.1 -4702
94.2 -15256
94.3 32767
94.4 -23751
94.5 3229
94.6 19231
94.7 -32768
94.8 23328
94.9 -630
95.0 -19736
95.1 32767
95.2 -20583
95.3 244
95.4 23227
95.5 -32768
95.6 17455
95.7 6558
95.8 -27505
95.9 32767
96.0 -9828
96.1 -9242
96.2 32570
96.3 -29583
96.4 9141
96.5 13419
96.6 -32768
96.7 28938
96.8 -7850
96.9 -14327
97.0 32767
97.1 -29240
97.2 3915
97.3 12632
97.4 -32768
97.5 23287
97.6 -7466
97.7 -19049
97.8 32767
97.9 -25628
98.0 -13
98.1 19473
98.2 -32768
98.3 20321
98.4 214
98.5 -22621
98.6 32767
98.7 -18929
98.8 -2522
98.9 24316
99.0 -32768
99.1 16709
99.2 4419
99.3 -27081
99.4 32767
99.5 -10796
99.6 -11966
99.7 32767
99.8 -25447
99.9 4621
100.0 18162
100.1 -32768
100.2 24095
100.3 -1124
100.4 -18262
100.5 32767
100.6 -21411
100.7 1190
100.8 21330
100.9 -32768
101.0 21148
101.1 1426
101.2 -21632
101.3 32767
101.4 -18343
101.5 -1118
101.6 25346
101.7 -32768
101.8 17960
101.9 4782
102.0 -25325
102.1 32767
102.2 -14650
102.3 -4722
102.4 27565
102.5 -32768
102.6 15054
102.7 6054
102.8 -27505
102.9 32767
103.0 -15559
103.1 -5287
103.2 28453
103.3 -32365
103.4 9828
103.5 5918
103.6 -24979
103.7 18802
103.8 -1290
103.9 -3893
104.0 3370
104.1 -18514
104.2 -29588
104.3 -32768
104.4 -16828
104.5 -32768
104.6 -24711
104.7 -30923
104.8 -32768
104.9 -25324
105.0 -32768
105.1 -23826
105.2 -32768
105.3 -29776
105.4 -31197
105.5 -32768
105.6 -25993
105.7 -32768
105.8 -26389
105.9 -32768
106.0 -32768
106.1 -29790
106.2 -29926
106.3 -25877
106.4 -32768
106.5 -27991
106.6 -32440
106.7 -32768
106.8 -28409
106.9 -32768
107.0 -24888
107.1 -32768
107.2 -28577
107.3 -32768
107.4 -32768
107.5 -25862
107.6 -26871
107.7 -31797
107.8 -27401
107.9 -17980
108.0 -28134
108.1 -8037
108.2 -20059
108.3 -26814
108.4 -6471
108.5 -32478
108.6 -27923
108.7 -12088
108.8 -30446
108.9 -17532
109.0 -12168
109.1 -27708
109.2 -10792
109.3 -25729
109.4 -27022
109.5 -11080
109.6 -32768
109.7 -26935
109.8 -10814
109.9 -29531
110.0 -12332
110.1 -15215
110.2 -27707
110.3 -10253
110.4 -24982
110.5 -27323
110.6 -8989
110.7 -32768
110.8 -26207
110.9 -9069
111.0 -30016
111.1 -10968
111.2 -13480
111.3 -27865
111.4 -7854
111.5 -29583
111.6 -28536
111.7 -6639
111.8 -31812
111.9 -16471
112.0 -6963
112.1 -28786
112.2 -3547
112.3 -21592
112.4 -28308
112.5 -5021
112.6 -32768
112.7 -23828
112.8 -4386
112.9 -30135
113.0 -8583
113.1 -13500
113.2 -28506
113.3 -3315
113.4 -28837
113.5 -29255
113.6 -5691
113.7 -31474
113.8 -5816
113.9 -24740
114.0 -26588
114.1 -3873
114.2 -28917
114.3 -2827
114.4 -32419
114.5 -9306
114.6 -18868
114.7 -29568
114.8 -2139
114.9 -29312
115.0 -2709
115.1 -32768
115.2 -13667
115.3 -13339
115.4 -29316
115.5 -948
115.6 -30790
115.7 223
115.8 -25971
115.9 -22707
116.0 -546
116.1 -29481
116.2 809
116.3 -32768
116.4 -12142
116.5 -3410
116.6 -30191
116.7 -1804
116.8 -18142
116.9 -28466
117.0 -32350
117.1 -31097
117.2 -21699
117.3 -32768
117.4 -22088
117.5 -25458
117.6 -11999
117.7 -16060
117.8 4895
117.9 -8778
118.0 -11430
118.1 6549
118.2 -19188
118.3 -10417
118.4 6478
118.5 -17089
118.6 1218
118.7 6276
118.8 -8833
118.9 16767
119.0 -2422
119.1 -6934
119.2 21418
119.3 -12078
119.4 2970
119.5 14206
119.6 -9057
119.7 5320
119.8 888
119.9 -7908
120.0 19724
120.1 2694
120.2 -3810
120.3 17941
120.4 -16902
120.5 -4735
120.6 -3249
120.7 -8983
120.8 620
120.9 -22097
121.0 -7778
121.1 -32768
121.2 -21811
121.3 -12112
121.4 -21410
121.5 -13055
121.6 -1697
121.7 -2482
121.8 -7750
121.9 8658
122.0 -9464
122.1 -7498
122.2 2873
122.3 -18973
122.4 -8738
122.5 343
122.6 -12687
122.7 4027
122.8 9444
122.9 -8244
123.0 13438
123.1 -848
123.2 -4773
123.3 24841
123.4 -12603
123.5 -2321
123.6 -11987
123.7 -11978
123.8 -28530
123.9 -30972
124.0 -13623
124.1 -32768
124.2 -25727
124.3 -20573
124.4 -32768
124.5 -19638
124.6 -27931
124.7 -32768
124.8 -16309
124.9 -32768
125.0 -29431
125.1 -18805
125.2 -32768
125.3 -23776
125.4 -23192
125.5 -32768
125.6 -18905
125.7 -28989
125.8 -32768
125.9 -16337
126.0 -32768
126.1 -29259
126.2 -19326
126.3 -32768
126.4 -22753
126.5 -24755
126.6 -26925
126.7 -2721
126.8 -21295
126.9 -27850
127.0 -4005
127.1 -646
127.2 -3397
127.3 -3137
127.4 32767
127.5 -6306
127.6 -11565
127.7 11255
127.8 -24948
127.9 6885
128.0 -27896
128.1 -8167
128.2 -32768
128.3 -18419
128.4 -18211
128.5 -28413
128.6 -11686
128.7 -28051
128.8 -14812
128.9 -9247
129.0 9451
129.1 -15097
129.2 -2368
129.3 20926
129.4 -14743
129.5 10729
129.6 17375
129.7 -13827
129.8 12327
129.9 -20523
130.0 -19174
130.1 -2508
130.2 -29075
130.3 -10679
130.4 12249
130.5 -29227
130.6 826
130.7 3814
130.8 -29266
130.9 10923
131.0 -8032
131.1 -24830
131.2 26254
131.3 -21088
131.4 -4864
131.5 25265
131.6 -32338
131.7 11020
131.8 7608
131.9 -17375
132.0 1724
132.1 5267
132.2 -24767
132.3 30209
132.4 -32768
132.5 13292
132.6 -6821
132.7 -6753
132.8 19635
132.9 -32768
133.0 32767
133.1 -17637
133.2 9783
133.3 6538
133.4 -15256
133.5 32570
133.6 -32768
133.7 28312
133.8 -12189
133.9 2320
134.0 12289
134.1 -22917
134.2 32767
134.3 -28938
134.4 18182
134.5 -767
134.6 -20497
134.7 32767
134.8 -9081
134.9 -10506
135.0 32767
135.1 -25588
135.2 5901
135.3 19877
135.4 -32768
135.5 19897
135.6 6356
135.7 -26594
135.8 31904
135.9 -2522
136.0 -10493
136.1 32767
136.2 -15417
136.3 9606
136.4 28978
136.5 -27263
136.6 20079
136.7 18020
136.8 -27646
136.9 32767
137.0 4984
137.1 -12309
137.2 32767
137.3 -10998
137.4 3309
137.5 32767
137.6 -28756
137.7 21552
137.8 14812
137.9 -22379
138.0 32767
138.1 -2119
138.2 -4500
138.3 32767
138.4 -21068
138.5 13319
138.6 22278
138.7 -30411
138.8 32767
138.9 2664
139.0 -10957
139.1 32767
139.2 -13581
139.3 2946
139.4 32767
139.5 -28917
139.6 18969
139.7 15478
139.8 -7618
139.9 -26169
140.0 -16597
140.1 -12105
140.2 -32768
140.3 -9262
140.4 -18006
140.5 -28684
140.6 -5323
140.7 -26695
140.8 -21987
140.9 -7273
141.0 -31785
141.1 -9529
141.2 -13809
141.3 -26615
141.4 -3371
141.5 -21107
141.6 -19930
141.7 -3915
141.8 -27586
141.9 -11483
