#Press Ctrl-C to quit...
#channel one minus channel two
0 126
0.5 131
1.0 131
1.5 130
2.0 128
2.5 128
3.0 127
3.5 126
4.0 124
4.5 124
5.0 123
5.5 120
6.0 123
6.5 121
7.0 123
7.5 123
8.0 120
8.5 121
9.0 120
9.5 114
10.0 123
10.5 127
11.0 130
11.5 1327
12.0 1523
12.5 1457
13.0 1281
13.5 1236
14.0 841
14.5 637
15.0 812
15.5 572
16.0 267
16.5 259
17.0 225
17.5 202
18.0 180
18.5 170
19.0 155
19.5 150
20.0 143
20.5 138
21.0 135
21.5 130
22.0 129
22.5 126
23.0 126
23.5 120
24.0 122
24.5 118
25.0 117
25.5 117
26.0 117
26.5 116
27.0 117
27.5 118
28.0 120
28.5 115
29.0 115
29.5 138
30.0 1379
30.5 1430
31.0 1579
31.5 1510
32.0 1454
32.5 1593
33.0 1471
33.5 1384
34.0 1176
34.5 1430
35.0 1342
35.5 1260
36.0 1406
36.5 1426
37.0 1334
37.5 1420
38.0 1558
38.5 1411
39.0 568
39.5 323
40.0 918
40.5 1351
41.0 1415
41.5 970
42.0 312
42.5 228
43.0 194
43.5 164
44.0 151
44.5 140
45.0 132
45.5 129
46.0 124
46.5 121
47.0 120
47.5 117
48.0 116
48.5 114
49.0 111
49.5 369
50.0 512
50.5 779
51.0 1530
51.5 1475
52.0 1198
52.5 327
53.0 243
53.5 210
54.0 186
54.5 167
55.0 153
55.5 147
56.0 137
56.5 133
57.0 129
57.5 126
58.0 122
58.5 121
59.0 118
59.5 118
60.0 116
60.5 113
61.0 116
61.5 114
62.0 112
62.5 115
63.0 113
63.5 113
64.0 114
64.5 113
65.0 115
65.5 -238
66.0 -665
66.5 40
67.0 221
67.5 1158
68.0 1436
68.5 697
69.0 352
69.5 289
70.0 243
70.5 210
71.0 187
71.5 174
72.0 164
72.5 155
73.0 154
73.5 154
74.0 149
74.5 146
75.0 142
75.5 139
76.0 140
76.5 137
77.0 136
77.5 135
78.0 134
78.5 132
79.0 132
79.5 129
80.0 130
80.5 129
81.0 130
81.5 129
82.0 131
82.5 125
83.0 129
83.5 127
84.0 128
84.5 128
85.0 128
85.5 128
86.0 128
86.5 128
87.0 127
87.5 124
88.0 1336
88.5 1547
89.0 958
89.5 1264
90.0 1460
90.5 170
91.0 1508
91.5 -333
92.0 -1468
92.5 297
93.0 -439
93.5 1638
94.0 121
94.5 99
95.0 91
95.5 88
96.0 86
96.5 86
97.0 87
97.5 86
98.0 90
98.5 91
99.0 91
99.5 93
100.0 95
100.5 97
101.0 100
101.5 101
102.0 101
102.5 104
103.0 105
103.5 107
104.0 108
104.5 110
105.0 112
105.5 113
106.0 113
106.5 116
107.0 116
107.5 118
108.0 118
108.5 120
109.0 120
109.5 122
110.0 121
110.5 123
111.0 123
111.5 124
112.0 124
112.5 125
113.0 125
113.5 128
114.0 128
114.5 127
115.0 127
115.5 126
116.0 128
116.5 129
117.0 130
117.5 130
118.0 131
118.5 130
119.0 130
119.5 131
120.0 130
120.5 132
121.0 131
121.5 132
122.0 131
122.5 131
123.0 131
123.5 131
124.0 132
124.5 134
125.0 132
125.5 132
126.0 134
126.5 131
127.0 133
127.5 133
128.0 133
128.5 132
129.0 133
129.5 132
130.0 134
130.5 133
131.0 135
131.5 133
132.0 134
132.5 134
133.0 134
133.5 133
134.0 134
134.5 133
135.0 134
135.5 134
136.0 132
136.5 1282
137.0 1346
137.5 269
138.0 209
138.5 186
139.0 166
139.5 155
140.0 144
140.5 137
141.0 133
141.5 119
142.0 123
142.5 119
143.0 117
143.5 111
144.0 123
144.5 137
145.0 118
145.5 120
146.0 119
146.5 116
147.0 115
