#Press Ctrl-C to quit...
#channel one minus channel two
0 112
0.01 128
0.02 142
0.03 152
0.04 160
0.05 150
0.06 138
0.07 136
0.08 141
0.09 159
0.1 166
0.11 157
0.12 148
0.13 145
0.14 155
0.15 167
0.16 172
0.17 164
0.18 156
0.19 153
0.2 158
0.21 167
0.22 169
0.23 165
0.24 156
0.25 153
0.26 154
0.27 162
0.28 168
0.29 162
0.3 155
0.31 156
0.32 156
0.33 163
0.34 168
0.35 161
0.36 159
0.37 156
0.38 155
0.39 162
0.4 165
0.41 161
0.42 157
0.43 155
0.44 158
0.45 162
0.46 162
0.47 158
0.48 156
0.49 153
0.5 157
0.51 162
0.52 163
0.53 160
0.54 156
0.55 154
0.56 157
0.57 162
0.58 160
0.59 154
0.6 151
0.61 151
0.62 157
0.63 157
0.64 155
0.65 152
0.66 150
0.67 152
0.68 156
0.69 159
0.7 157
0.71 156
0.72 154
0.73 155
0.74 158
0.75 160
0.76 157
0.77 149
0.78 149
0.79 153
0.8 157
0.81 158
0.82 156
0.83 153
0.84 153
0.85 153
0.86 156
0.87 156
0.88 153
0.89 149
0.9 151
0.91 155
0.92 159
0.93 157
0.94 155
0.95 151
0.96 151
0.97 153
0.98 153
0.99 154
1.0 151
1.01 150
1.02 152
1.03 154
1.04 153
1.05 150
1.06 149
1.07 154
1.08 156
1.09 156
1.1 153
1.11 154
1.12 154
1.13 156
1.14 155
1.15 151
1.16 149
1.17 151
1.18 156
1.19 154
1.2 150
1.21 149
1.22 150
1.23 153
1.24 151
1.25 151
1.26 150
1.27 151
1.28 153
1.29 153
1.3 151
1.31 149
1.32 150
1.33 152
1.34 154
1.35 153
1.36 151
1.37 149
1.38 152
1.39 155
1.4 153
1.41 151
1.42 151
1.43 151
1.44 154
1.45 153
1.46 149
1.47 148
1.48 149
1.49 150
1.5 151
1.51 151
1.52 150
1.53 149
1.54 152
1.55 154
1.56 154
1.57 150
1.58 151
1.59 155
1.6 155
1.61 153
1.62 153
1.63 150
1.64 151
1.65 154
1.66 155
1.67 153
1.68 151
1.69 149
1.7 152
1.71 154
1.72 155
1.73 153
1.74 150
1.75 150
1.76 152
1.77 155
1.78 151
1.79 151
1.8 149
1.81 152
1.82 155
1.83 154
1.84 150
1.85 150
1.86 150
1.87 152
1.88 153
1.89 150
1.9 150
1.91 152
1.92 153
1.93 153
1.94 153
1.95 150
1.96 150
1.97 153
1.98 154
1.99 155
2.0 152
2.01 150
2.02 151
2.03 154
2.04 154
2.05 152
2.06 150
2.07 150
2.08 150
2.09 153
2.1 156
2.11 154
2.12 154
2.13 153
2.14 154
2.15 152
2.16 150
2.17 153
2.18 154
2.19 153
2.2 150
2.21 151
2.22 152
2.23 152
2.24 151
2.25 152
2.26 154
2.27 154
2.28 152
2.29 151
2.3 153
2.31 152
2.32 151
2.33 150
2.34 152
2.35 153
2.36 153
2.37 152
2.38 153
2.39 154
2.4 152
2.41 152
2.42 152
2.43 153
2.44 150
2.45 151
2.46 151
2.47 155
2.48 153
2.49 152
2.5 152
2.51 155
2.52 153
2.53 151
2.54 151
2.55 154
2.56 152
2.57 152
2.58 151
2.59 153
2.6 154
2.61 155
2.62 153
2.63 154
2.64 155
2.65 153
2.66 152
2.67 154
2.68 156
2.69 155
2.7 155
2.71 154
2.72 156
2.73 156
2.74 153
2.75 153
2.76 154
2.77 157
2.78 155
2.79 153
2.8 154
2.81 154
2.82 154
2.83 152
2.84 152
2.85 153
2.86 153
2.87 152
2.88 153
2.89 155
2.9 155
2.91 152
2.92 152
2.93 154
2.94 155
2.95 153
2.96 152
2.97 153
2.98 155
2.99 156
3.0 153
3.01 153
3.02 155
3.03 155
3.04 154
3.05 154
3.06 157
3.07 157
3.08 154
3.09 154
3.1 155
3.11 156
3.12 155
3.13 154
3.14 155
3.15 156
3.16 156
3.17 154
3.18 154
3.19 153
3.2 155
3.21 155
3.22 155
3.23 156
3.24 157
3.25 156
3.26 154
3.27 156
3.28 157
3.29 156
3.3 155
3.31 156
3.32 158
3.33 156
3.34 157
3.35 156
3.36 157
3.37 159
3.38 157
3.39 157
3.4 157
3.41 157
3.42 155
3.43 156
3.44 157
3.45 159
3.46 157
3.47 157
3.48 155
3.49 158
3.5 158
3.51 157
3.52 157
3.53 156
3.54 157
3.55 153
3.56 153
3.57 156
3.58 158
3.59 156
3.6 156
3.61 155
3.62 157
3.63 156
3.64 153
3.65 155
3.66 157
3.67 157
3.68 156
3.69 156
3.7 159
3.71 159
3.72 157
3.73 156
3.74 157
3.75 157
3.76 157
3.77 155
3.78 156
3.79 158
3.8 156
3.81 156
3.82 158
3.83 158
3.84 159
3.85 158
3.86 160
3.87 160
3.88 159
3.89 157
3.9 155
3.91 157
3.92 159
3.93 156
3.94 155
3.95 158
3.96 157
3.97 154
3.98 153
3.99 154
4.0 158
4.01 158
4.02 156
4.03 156
4.04 161
4.05 163
4.06 162
4.07 161
4.08 159
4.09 161
4.1 162
4.11 163
4.12 165
4.13 162
4.14 159
4.15 158
4.16 162
4.17 163
4.18 163
4.19 163
4.2 159
4.21 159
4.22 162
4.23 161
4.24 161
4.25 157
4.26 158
4.27 160
4.28 162
4.29 157
4.3 159
4.31 160
4.32 163
4.33 162
4.34 160
4.35 159
4.36 161
4.37 162
4.38 162
4.39 162
4.4 160
4.41 160
4.42 160
4.43 163
4.44 164
4.45 164
4.46 161
4.47 162
4.48 163
4.49 166
4.5 165
4.51 164
4.52 161
4.53 162
4.54 163
4.55 165
4.56 165
4.57 163
4.58 163
4.59 164
4.6 164
4.61 163
4.62 161
4.63 162
4.64 162
4.65 160
4.66 160
4.67 161
4.68 162
4.69 160
4.7 160
4.71 162
4.72 162
4.73 162
4.74 160
4.75 161
4.76 160
4.77 160
4.78 160
4.79 162
4.8 162
4.81 160
4.82 161
4.83 163
4.84 161
4.85 160
4.86 161
4.87 163
4.88 161
4.89 162
4.9 163
4.91 163
4.92 163
4.93 162
4.94 163
4.95 162
4.96 162
4.97 161
4.98 164
4.99 165
5.0 163
5.01 162
5.02 162
5.03 163
5.04 161
5.05 161
5.06 164
5.07 162
5.08 160
5.09 161
5.1 163
5.11 162
5.12 160
5.13 162
5.14 163
5.15 162
5.16 162
5.17 163
5.18 162
5.19 162
5.2 163
5.21 165
5.22 164
5.23 162
5.24 162
5.25 164
5.26 165
5.27 163
5.28 164
5.29 165
5.3 165
5.31 162
5.32 163
5.33 165
5.34 164
5.35 163
5.36 163
5.37 165
5.38 163
5.39 163
5.4 165
5.41 166
5.42 163
5.43 164
5.44 165
5.45 165
5.46 163
5.47 164
5.48 165
5.49 165
5.5 163
5.51 162
5.52 165
5.53 165
5.54 163
5.55 164
5.56 166
5.57 164
5.58 162
5.59 164
5.6 166
5.61 166
5.62 164
5.63 166
5.64 167
5.65 165
5.66 165
5.67 167
5.68 167
5.69 166
5.7 167
5.71 167
5.72 167
5.73 165
5.74 165
5.75 165
5.76 165
5.77 167
5.78 168
5.79 169
5.8 167
5.81 164
5.82 165
5.83 167
5.84 166
5.85 166
5.86 166
5.87 167
5.88 165
5.89 166
5.9 167
5.91 167
5.92 166
5.93 165
5.94 168
5.95 167
5.96 165
5.97 164
5.98 166
5.99 166
6.0 167
6.01 169
6.02 168
6.03 167
6.04 165
6.05 167
6.06 170
6.07 169
6.08 167
6.09 167
6.1 171
6.11 171
6.12 169
6.13 168
6.14 168
6.15 170
6.16 169
6.17 167
6.18 167
6.19 171
6.2 171
6.21 168
6.22 167
6.23 168
6.24 172
6.25 170
6.26 167
6.27 167
6.28 170
6.29 170
6.3 168
6.31 167
6.32 171
6.33 171
6.34 169
6.35 169
6.36 169
6.37 171
6.38 171
6.39 168
6.4 167
6.41 169
6.42 170
6.43 170
6.44 170
6.45 168
6.46 170
6.47 171
6.48 170
6.49 169
6.5 171
6.51 171
6.52 170
6.53 170
6.54 170
6.55 171
6.56 171
6.57 171
6.58 169
6.59 171
6.6 173
6.61 170
6.62 169
6.63 170
6.64 172
6.65 172
6.66 169
6.67 170
6.68 171
6.69 173
6.7 171
6.71 171
6.72 170
6.73 173
6.74 172
6.75 172
6.76 169
6.77 169
6.78 172
6.79 172
6.8 171
6.81 170
6.82 172
6.83 171
6.84 170
6.85 170
6.86 170
6.87 172
6.88 171
6.89 170
6.9 171
6.91 173
6.92 173
6.93 170
6.94 170
6.95 171
6.96 170
6.97 170
6.98 168
6.99 171
7.0 172
7.01 171
7.02 171
7.03 171
7.04 172
7.05 170
7.06 169
7.07 170
7.08 174
7.09 172
7.1 171
7.11 168
7.12 172
7.13 172
7.14 172
7.15 171
7.16 171
7.17 172
7.18 172
7.19 171
7.2 172
7.21 173
7.22 173
7.23 172
7.24 174
7.25 176
7.26 175
7.27 172
7.28 172
7.29 175
7.3 176
7.31 173
7.32 174
7.33 173
7.34 174
7.35 172
7.36 170
7.37 171
7.38 173
7.39 172
7.4 170
7.41 171
7.42 175
7.43 172
7.44 171
7.45 173
7.46 173
7.47 172
7.48 171
7.49 172
7.5 173
7.51 172
7.52 172
7.53 172
7.54 173
7.55 173
7.56 171
7.57 172
7.58 173
7.59 173
7.6 172
7.61 173
7.62 172
7.63 172
7.64 172
7.65 174
7.66 175
7.67 174
7.68 173
7.69 174
7.7 174
7.71 173
7.72 172
7.73 174
7.74 175
7.75 175
7.76 173
7.77 173
7.78 175
7.79 177
7.8 174
7.81 172
7.82 173
7.83 175
7.84 175
7.85 172
7.86 173
7.87 176
7.88 176
7.89 176
7.9 173
7.91 174
7.92 175
7.93 176
7.94 174
7.95 174
7.96 177
7.97 176
7.98 174
7.99 175
8.0 177
8.01 176
8.02 176
8.03 175
8.04 174
8.05 177
8.06 177
8.07 175
8.08 175
8.09 177
8.1 178
8.11 178
8.12 176
8.13 176
8.14 177
8.15 177
8.16 175
8.17 174
8.18 176
8.19 176
8.2 173
8.21 173
8.22 175
8.23 178
8.24 177
8.25 176
8.26 176
8.27 178
8.28 179
8.29 177
8.3 176
8.31 178
8.32 179
8.33 177
8.34 175
8.35 176
8.36 178
8.37 179
8.38 177
8.39 175
8.4 175
8.41 178
8.42 177
8.43 175
8.44 175
8.45 177
8.46 178
8.47 177
8.48 176
8.49 176
8.5 177
8.51 176
8.52 176
8.53 175
8.54 177
8.55 177
8.56 176
8.57 173
8.58 175
8.59 176
8.6 175
8.61 174
8.62 175
8.63 177
8.64 178
8.65 176
8.66 176
8.67 178
8.68 180
8.69 179
8.7 177
8.71 177
8.72 178
8.73 178
8.74 178
8.75 178
8.76 179
8.77 180
8.78 178
8.79 176
8.8 178
8.81 180
8.82 180
8.83 177
8.84 178
8.85 178
8.86 174
8.87 174
8.88 171
8.89 176
8.9 180
8.91 177
8.92 176
8.93 176
8.94 177
8.95 179
8.96 182
8.97 181
8.98 179
8.99 179
9.0 181
9.01 181
9.02 179
9.03 178
9.04 178
9.05 180
9.06 179
9.07 176
9.08 178
9.09 180
9.1 180
9.11 178
9.12 178
9.13 179
9.14 181
9.15 180
9.16 179
9.17 178
9.18 181
9.19 180
9.2 178
9.21 177
9.22 179
9.23 182
9.24 181
9.25 179
9.26 179
9.27 181
9.28 181
9.29 179
9.3 178
9.31 177
9.32 178
9.33 180
9.34 178
9.35 178
9.36 180
9.37 182
9.38 178
9.39 177
9.4 179
9.41 181
9.42 182
9.43 179
9.44 179
9.45 181
9.46 182
9.47 179
9.48 178
9.49 179
9.5 181
9.51 181
9.52 181
9.53 179
9.54 181
9.55 184
9.56 181
9.57 180
9.58 181
9.59 182
9.6 183
9.61 182
9.62 182
9.63 182
9.64 183
9.65 182
9.66 180
9.67 180
9.68 182
9.69 182
9.7 180
9.71 179
9.72 182
9.73 182
9.74 180
9.75 179
9.76 180
9.77 183
9.78 180
9.79 178
9.8 178
9.81 182
9.82 181
9.83 179
9.84 178
9.85 180
9.86 182
9.87 182
9.88 180
9.89 179
9.9 181
9.91 181
9.92 180
9.93 181
9.94 182
9.95 184
9.96 183
9.97 181
9.98 180
9.99 182
10.0 182
10.01 181
10.02 181
10.03 182
10.04 183
10.05 182
10.06 180
10.07 180
10.08 182
10.09 183
10.1 180
10.11 181
10.12 181
10.13 181
10.14 179
10.15 180
10.16 180
10.17 183
10.18 181
10.19 179
10.2 180
10.21 183
10.22 184
10.23 182
10.24 182
10.25 183
10.26 182
10.27 183
10.28 181
10.29 183
10.3 185
10.31 185
10.32 182
10.33 183
10.34 183
10.35 185
10.36 183
10.37 181
10.38 182
10.39 185
10.4 183
10.41 181
10.42 181
10.43 183
10.44 184
10.45 184
10.46 182
10.47 181
10.48 183
10.49 185
10.5 182
10.51 180
10.52 183
10.53 184
10.54 183
10.55 181
10.56 180
10.57 184
10.58 185
10.59 182
10.6 180
10.61 181
10.62 184
10.63 183
10.64 181
10.65 181
10.66 184
10.67 185
10.68 183
10.69 183
10.7 184
10.71 186
10.72 185
10.73 182
10.74 182
10.75 184
10.76 185
10.77 185
10.78 181
10.79 182
10.8 184
10.81 184
10.82 181
10.83 181
10.84 182
10.85 182
10.86 182
10.87 180
10.88 177
10.89 177
10.9 177
10.91 174
10.92 171
10.93 174
10.94 177
10.95 177
10.96 174
10.97 169
10.98 174
10.99 176
11.0 175
11.01 172
11.02 171
11.03 178
11.04 179
11.05 176
11.06 173
11.07 178
11.08 183
11.09 179
11.1 175
11.11 176
11.12 182
11.13 182
11.14 180
11.15 176
11.16 180
11.17 181
11.18 178
11.19 173
11.2 171
11.21 178
11.22 180
11.23 178
11.24 168
11.25 171
11.26 179
11.27 183
11.28 172
11.29 165
11.3 175
11.31 184
11.32 180
11.33 165
11.34 173
11.35 182
11.36 185
11.37 170
11.38 167
11.39 181
11.4 189
11.41 182
11.42 168
11.43 178
11.44 187
11.45 188
11.46 174
11.47 176
11.48 186
11.49 192
11.5 186
11.51 171
11.52 186
11.53 192
11.54 193
11.55 179
11.56 179
11.57 193
11.58 196
11.59 194
11.6 178
11.61 191
11.62 200
11.63 199
11.64 184
11.65 191
11.66 202
11.67 208
11.68 195
11.69 189
11.7 204
11.71 204
11.72 213
11.73 190
11.74 198
11.75 207
11.76 209
11.77 198
11.78 189
11.79 206
11.8 210
11.81 207
11.82 189
11.83 200
11.84 210
11.85 211
11.86 199
11.87 189
11.88 207
11.89 207
11.9 208
11.91 189
11.92 208
11.93 213
11.94 215
11.95 204
11.96 197
11.97 217
11.98 222
11.99 225
12.0 212
12.01 233
12.02 231
12.03 231
12.04 219
12.05 227
12.06 241
12.07 234
12.08 230
12.09 224
12.1 250
12.11 249
12.12 241
12.13 227
12.14 233
12.15 245
12.16 206
12.17 191
12.18 180
12.19 203
12.2 196
12.21 194
12.22 178
12.23 184
12.24 201
12.25 197
12.26 218
12.27 189
12.28 220
12.29 210
12.3 209
12.31 226
12.32 210
12.33 225
12.34 210
12.35 214
12.36 203
12.37 227
12.38 208
12.39 216
12.4 218
12.41 263
12.42 284
12.43 241
12.44 806
12.45 772
12.46 1014
12.47 576
12.48 569
12.49 565
12.5 642
12.51 641
12.52 452
12.53 463
12.54 481
12.55 614
12.56 453
12.57 400
12.58 452
12.59 476
12.6 576
12.61 383
12.62 411
12.63 414
12.64 510
12.65 423
12.66 366
12.67 368
12.68 418
12.69 518
12.7 360
12.71 356
12.72 358
12.73 439
12.74 392
12.75 339
12.76 353
12.77 385
12.78 487
12.79 383
12.8 346
12.81 354
12.82 422
12.83 451
12.84 397
12.85 390
12.86 430
12.87 488
12.88 466
12.89 443
12.9 433
12.91 464
12.92 470
12.93 452
12.94 443
12.95 451
12.96 454
12.97 433
12.98 421
12.99 418
13.0 420
13.01 418
13.02 401
13.03 380
13.04 383
13.05 388
13.06 378
13.07 365
13.08 359
13.09 360
13.1 362
13.11 349
13.12 330
13.13 335
13.14 340
13.15 335
13.16 320
13.17 313
13.18 317
13.19 323
13.2 313
13.21 298
13.22 298
13.23 303
13.24 298
13.25 281
13.26 280
13.27 285
13.28 286
13.29 275
13.3 269
13.31 269
13.32 275
13.33 269
13.34 262
13.35 258
13.36 263
13.37 251
13.38 246
13.39 246
13.4 250
13.41 250
13.42 246
13.43 238
13.44 240
13.45 244
13.46 241
13.47 233
13.48 233
13.49 232
13.5 233
13.51 230
13.52 224
13.53 223
13.54 228
13.55 227
13.56 218
13.57 214
13.58 216
13.59 218
13.6 216
13.61 208
13.62 204
13.63 208
13.64 209
13.65 203
13.66 201
13.67 201
13.68 204
13.69 202
13.7 198
13.71 194
13.72 198
13.73 199
13.74 195
13.75 192
13.76 191
13.77 192
13.78 192
13.79 187
13.8 177
13.81 179
13.82 177
13.83 180
13.84 179
13.85 182
13.86 184
13.87 181
13.88 178
13.89 178
13.9 180
13.91 181
13.92 178
13.93 175
13.94 174
13.95 176
13.96 175
13.97 173
13.98 170
13.99 169
14.0 170
14.01 169
14.02 166
14.03 165
14.04 167
14.05 167
14.06 166
14.07 162
14.08 163
14.09 164
14.1 162
14.11 158
14.12 159
14.13 159
14.14 161
14.15 159
14.16 156
14.17 157
14.18 159
14.19 157
14.2 154
14.21 153
14.22 156
14.23 156
14.24 154
14.25 151
14.26 151
14.27 152
14.28 153
14.29 149
14.3 147
14.31 149
14.32 150
14.33 147
14.34 146
14.35 145
14.36 147
14.37 147
14.38 146
14.39 143
14.4 145
14.41 144
14.42 142
14.43 141
14.44 143
14.45 143
14.46 142
14.47 138
14.48 139
14.49 138
14.5 141
14.51 138
14.52 138
14.53 139
14.54 141
14.55 138
14.56 138
14.57 136
14.58 138
14.59 138
14.6 136
14.61 134
14.62 133
14.63 136
14.64 136
14.65 134
14.66 135
14.67 136
14.68 136
14.69 135
14.7 134
14.71 134
14.72 136
14.73 135
14.74 132
14.75 132
14.76 133
14.77 134
14.78 131
14.79 130
14.8 131
14.81 132
14.82 132
14.83 130
14.84 130
14.85 130
14.86 130
14.87 129
14.88 128
14.89 128
14.9 130
14.91 129
14.92 127
14.93 127
14.94 128
14.95 128
14.96 127
14.97 126
14.98 127
14.99 128
15.0 127
15.01 126
15.02 127
15.03 129
15.04 128
15.05 127
15.06 126
15.07 126
15.08 127
15.09 125
15.1 124
15.11 125
15.12 126
15.13 127
15.14 123
15.15 124
15.16 125
15.17 125
15.18 124
15.19 124
15.2 124
15.21 124
15.22 123
15.23 121
15.24 122
15.25 124
15.26 123
15.27 121
15.28 121
15.29 123
15.3 122
15.31 120
15.32 120
15.33 121
15.34 121
15.35 120
15.36 119
15.37 121
15.38 122
15.39 121
15.4 121
15.41 122
15.42 123
15.43 121
15.44 120
15.45 120
15.46 121
15.47 120
15.48 119
15.49 120
15.5 121
15.51 120
15.52 120
15.53 120
15.54 121
15.55 120
15.56 119
15.57 119
15.58 120
15.59 121
15.6 120
15.61 119
15.62 119
15.63 120
15.64 119
15.65 118
15.66 117
15.67 118
15.68 118
15.69 118
15.7 119
15.71 119
15.72 118
15.73 117
15.74 118
15.75 119
15.76 120
15.77 118
15.78 118
15.79 119
15.8 119
15.81 118
15.82 118
15.83 119
15.84 119
15.85 117
15.86 118
15.87 117
15.88 118
15.89 118
15.9 117
15.91 116
15.92 118
15.93 118
15.94 117
15.95 115
15.96 117
15.97 117
15.98 115
15.99 114
16.0 114
16.01 115
16.02 114
16.03 114
16.04 112
16.05 115
16.06 115
16.07 115
16.08 114
16.09 115
16.1 115
16.11 114
16.12 115
16.13 116
16.14 114
16.15 113
16.16 113
16.17 115
16.18 115
16.19 115
16.2 113
16.21 115
16.22 115
16.23 114
16.24 113
16.25 114
16.26 114
16.27 113
16.28 111
16.29 110
16.3 112
16.31 113
16.32 111
16.33 109
16.34 111
16.35 112
16.36 112
16.37 110
16.38 112
16.39 111
16.4 108
16.41 104
16.42 106
16.43 108
16.44 108
16.45 105
16.46 104
16.47 107
16.48 105
16.49 103
16.5 99
16.51 103
16.52 103
16.53 102
16.54 100
16.55 100
16.56 102
16.57 102
16.58 98
16.59 97
16.6 100
16.61 101
16.62 98
16.63 92
16.64 97
16.65 100
16.66 100
16.67 95
16.68 100
16.69 106
16.7 102
16.71 96
16.72 99
16.73 105
16.74 104
16.75 99
16.76 101
16.77 106
16.78 104
16.79 101
16.8 100
16.81 107
16.82 106
16.83 102
16.84 103
16.85 110
16.86 110
16.87 108
16.88 102
16.89 111
16.9 112
16.91 112
16.92 105
16.93 109
16.94 111
16.95 112
16.96 107
16.97 114
16.98 116
16.99 113
17.0 111
17.01 109
17.02 119
17.03 119
17.04 117
17.05 158
17.06 158
17.07 147
17.08 143
17.09 150
17.1 162
17.11 152
17.12 148
17.13 152
17.14 161
17.15 158
17.16 155
17.17 148
17.18 161
17.19 163
17.2 154
17.21 152
17.22 154
17.23 165
17.24 156
17.25 148
17.26 150
17.27 166
17.28 157
17.29 152
17.3 147
17.31 160
17.32 156
17.33 149
17.34 146
17.35 158
17.36 157
17.37 151
17.38 148
17.39 156
17.4 164
17.41 151
17.42 152
17.43 156
17.44 168
17.45 161
17.46 152
17.47 187
17.48 182
17.49 189
17.5 171
17.51 167
17.52 169
17.53 186
17.54 178
17.55 171
17.56 167
17.57 173
17.58 187
17.59 172
17.6 166
17.61 165
17.62 185
17.63 175
17.64 165
17.65 159
17.66 170
17.67 176
17.68 164
17.69 157
17.7 157
17.71 176
17.72 170
17.73 159
17.74 155
17.75 167
17.76 173
17.77 159
17.78 163
17.79 167
17.8 182
17.81 167
17.82 157
17.83 153
17.84 171
17.85 169
17.86 157
17.87 155
17.88 162
17.89 176
17.9 162
17.91 159
17.92 155
17.93 169
17.94 174
17.95 159
17.96 154
17.97 156
17.98 172
17.99 162
18.0 156
18.01 156
18.02 167
18.03 171
18.04 163
18.05 158
18.06 158
18.07 173
18.08 173
18.09 168
18.1 169
18.11 180
18.12 188
18.13 174
18.14 172
18.15 174
18.16 184
18.17 179
18.18 171
18.19 168
18.2 173
18.21 174
18.22 157
18.23 153
18.24 150
18.25 161
18.26 160
18.27 151
18.28 145
18.29 145
18.3 158
18.31 149
18.32 143
18.33 138
18.34 149
18.35 149
18.36 140
18.37 138
18.38 140
18.39 151
18.4 141
18.41 139
18.42 132
18.43 143
18.44 147
18.45 136
18.46 135
18.47 134
18.48 146
18.49 142
18.5 140
18.51 133
18.52 139
18.53 148
18.54 136
18.55 135
18.56 143
18.57 158
18.58 149
18.59 146
18.6 139
18.61 136
18.62 151
18.63 143
18.64 138
18.65 140
18.66 153
18.67 151
18.68 141
18.69 139
18.7 143
18.71 141
18.72 132
18.73 131
18.74 141
18.75 153
18.76 147
18.77 137
18.78 133
18.79 136
18.8 148
18.81 148
18.82 133
18.83 133
18.84 138
18.85 146
18.86 147
18.87 159
18.88 140
18.89 137
18.9 150
18.91 153
18.92 148
18.93 179
18.94 192
18.95 200
18.96 204
18.97 199
18.98 196
18.99 194
19.0 199
19.01 204
19.02 198
19.03 196
19.04 193
19.05 190
19.06 195
19.07 199
19.08 194
19.09 186
19.1 182
19.11 184
19.12 188
19.13 191
19.14 186
19.15 179
19.16 177
19.17 181
19.18 187
19.19 187
19.2 179
19.21 179
19.22 177
19.23 181
19.24 180
19.25 175
19.26 174
19.27 177
19.28 179
19.29 175
19.3 171
19.31 172
19.32 175
19.33 176
19.34 171
19.35 168
19.36 171
19.37 173
19.38 170
19.39 166
19.4 166
19.41 169
19.42 168
19.43 166
19.44 164
19.45 166
19.46 168
19.47 166
19.48 162
19.49 162
19.5 166
19.51 165
19.52 159
19.53 158
19.54 161
19.55 164
19.56 162
19.57 155
19.58 156
19.59 161
19.6 164
19.61 159
19.62 157
19.63 156
19.64 159
19.65 158
19.66 154
19.67 153
19.68 158
19.69 159
19.7 152
19.71 152
19.72 155
19.73 158
19.74 157
19.75 153
19.76 152
19.77 156
19.78 157
19.79 153
19.8 151
19.81 154
19.82 157
19.83 156
19.84 151
19.85 150
19.86 154
19.87 156
19.88 152
19.89 149
19.9 150
19.91 152
19.92 152
19.93 150
19.94 147
19.95 149
19.96 152
19.97 150
19.98 146
19.99 146
20.0 149
20.01 149
20.02 145
20.03 143
20.04 146
20.05 148
20.06 147
20.07 142
20.08 143
20.09 145
20.1 146
20.11 143
20.12 142
20.13 145
20.14 146
20.15 139
20.16 117
20.17 109
20.18 101
20.19 109
20.2 103
20.21 105
20.22 103
20.23 107
20.24 111
20.25 107
20.26 105
20.27 104
20.28 112
20.29 108
20.3 107
20.31 104
20.32 108
20.33 110
20.34 108
20.35 105
20.36 107
20.37 112
20.38 109
20.39 115
20.4 108
20.41 117
20.42 118
20.43 121
20.44 115
20.45 116
20.46 121
20.47 121
20.48 114
20.49 115
20.5 130
20.51 129
20.52 119
20.53 117
20.54 127
20.55 125
20.56 123
20.57 118
20.58 126
20.59 126
20.6 125
20.61 121
20.62 127
20.63 132
20.64 137
20.65 135
20.66 130
20.67 140
20.68 135
20.69 147
20.7 133
20.71 147
20.72 141
20.73 139
20.74 133
20.75 141
20.76 146
20.77 142
20.78 137
20.79 137
20.8 150
20.81 142
20.82 143
20.83 140
20.84 155
20.85 147
20.86 143
20.87 137
20.88 150
20.89 149
20.9 145
20.91 140
20.92 147
20.93 154
20.94 148
20.95 148
20.96 148
20.97 159
20.98 150
20.99 158
21.0 153
21.01 168
21.02 156
21.03 153
21.04 157
21.05 174
21.06 160
21.07 163
21.08 158
21.09 160
21.1 160
21.11 152
21.12 149
21.13 163
21.14 171
21.15 157
21.16 154
21.17 157
21.18 171
21.19 157
21.2 153
21.21 180
21.22 207
21.23 212
21.24 210
21.25 214
21.26 221
21.27 219
21.28 212
21.29 212
21.3 216
21.31 217
21.32 213
21.33 208
21.34 210
21.35 216
21.36 211
21.37 206
21.38 207
21.39 211
21.4 206
21.41 201
21.42 200
21.43 205
21.44 204
21.45 197
21.46 193
21.47 198
21.48 198
21.49 193
21.5 191
21.51 193
21.52 872
21.53 1059
21.54 963
21.55 903
21.56 978
21.57 902
21.58 727
21.59 663
21.6 745
21.61 700
21.62 506
21.63 466
21.64 479
21.65 593
21.66 417
21.67 390
21.68 414
21.69 467
21.7 366
21.71 359
21.72 400
21.73 418
21.74 354
21.75 337
21.76 402
21.77 372
21.78 340
21.79 336
21.8 382
21.81 373
21.82 307
21.83 308
21.84 337
21.85 365
21.86 301
21.87 284
21.88 300
21.89 355
21.9 304
21.91 280
21.92 275
21.93 323
21.94 302
21.95 267
21.96 259
21.97 363
21.98 358
21.99 296
22.0 299
22.01 312
22.02 359
22.03 286
22.04 287
22.05 282
22.06 342
22.07 259
22.08 261
22.09 272
22.1 328
22.11 262
22.12 246
22.13 249
22.14 291
22.15 289
22.16 242
22.17 242
22.18 270
22.19 287
22.2 236
22.21 236
22.22 253
22.23 291
22.24 247
22.25 231
22.26 252
22.27 286
22.28 289
22.29 236
22.3 235
22.31 244
22.32 283
22.33 244
22.34 222
22.35 221
22.36 247
22.37 271
22.38 223
22.39 383
22.4 349
22.41 433
22.42 371
22.43 307
22.44 325
22.45 360
22.46 424
22.47 319
22.48 297
22.49 308
22.5 375
22.51 329
22.52 287
22.53 291
22.54 332
22.55 369
22.56 314
22.57 285
22.58 287
22.59 338
22.6 327
22.61 265
22.62 268
22.63 289
22.64 324
22.65 272
22.66 254
22.67 262
22.68 300
22.69 285
22.7 248
22.71 239
22.72 254
22.73 288
22.74 248
22.75 226
22.76 223
22.77 256
22.78 267
22.79 223
22.8 208
22.81 209
22.82 243
22.83 233
22.84 210
22.85 200
22.86 219
22.87 236
22.88 207
22.89 196
22.9 206
22.91 224
22.92 199
22.93 191
22.94 195
22.95 214
22.96 203
22.97 191
22.98 181
22.99 204
23.0 200
23.01 186
23.02 179
23.03 189
23.04 197
23.05 183
23.06 176
23.07 183
23.08 193
23.09 176
23.1 169
23.11 171
23.12 187
23.13 169
23.14 168
23.15 160
23.16 171
23.17 168
23.18 158
23.19 149
23.2 178
23.21 172
23.22 158
23.23 154
23.24 157
23.25 171
23.26 158
23.27 159
23.28 163
23.29 180
23.3 162
23.31 165
23.32 142
23.33 160
23.34 153
23.35 146
23.36 139
23.37 155
23.38 159
23.39 146
23.4 142
23.41 152
23.42 164
23.43 147
23.44 143
23.45 144
23.46 167
23.47 156
23.48 147
23.49 146
23.5 155
23.51 154
23.52 146
23.53 148
23.54 152
23.55 158
23.56 169
23.57 146
23.58 161
23.59 158
23.6 149
23.61 141
23.62 152
23.63 177
23.64 155
23.65 166
23.66 157
23.67 180
23.68 170
23.69 192
23.7 176
23.71 172
23.72 214
23.73 231
23.74 225
23.75 199
23.76 198
23.77 212
23.78 237
23.79 210
23.8 207
23.81 210
23.82 234
23.83 236
23.84 223
23.85 212
23.86 227
23.87 252
23.88 242
23.89 239
23.9 245
23.91 251
23.92 252
23.93 243
23.94 238
23.95 246
23.96 254
23.97 240
23.98 231
23.99 230
24.0 239
24.01 227
24.02 221
24.03 217
24.04 227
24.05 233
24.06 221
24.07 207
24.08 211
24.09 222
24.1 217
24.11 203
24.12 204
24.13 212
24.14 215
24.15 205
24.16 199
24.17 201
24.18 208
24.19 205
24.2 193
24.21 193
24.22 200
24.23 204
24.24 197
24.25 190
24.26 191
24.27 198
24.28 195
24.29 187
24.3 185
24.31 186
24.32 191
24.33 185
24.34 180
24.35 179
24.36 186
24.37 187
24.38 178
24.39 173
24.4 174
24.41 180
24.42 175
24.43 171
24.44 168
24.45 175
24.46 175
24.47 169
24.48 167
24.49 169
24.5 173
24.51 170
24.52 165
24.53 164
24.54 166
24.55 166
24.56 162
24.57 160
24.58 162
24.59 167
24.6 162
24.61 161
24.62 160
24.63 165
24.64 165
24.65 161
24.66 154
24.67 158
24.68 163
24.69 162
24.7 158
24.71 158
24.72 162
24.73 163
24.74 159
24.75 157
24.76 156
24.77 160
24.78 161
24.79 153
24.8 154
24.81 156
24.82 159
24.83 157
24.84 154
24.85 152
24.86 156
24.87 156
24.88 153
24.89 152
24.9 151
24.91 152
24.92 151
24.93 150
24.94 151
24.95 152
24.96 151
24.97 132
24.98 146
24.99 150
25.0 150
25.01 148
25.02 147
25.03 146
25.04 150
25.05 150
25.06 147
25.07 144
25.08 145
25.09 147
25.1 146
25.11 143
25.12 144
25.13 144
25.14 144
25.15 141
25.16 141
25.17 141
25.18 144
25.19 140
25.2 139
25.21 141
25.22 141
25.23 139
25.24 138
25.25 138
25.26 137
25.27 137
25.28 136
25.29 137
25.3 138
25.31 137
25.32 134
25.33 138
25.34 138
25.35 136
25.36 135
25.37 136
25.38 138
25.39 136
25.4 136
25.41 136
25.42 136
25.43 137
25.44 135
25.45 134
25.46 136
25.47 136
25.48 135
25.49 133
25.5 133
25.51 132
25.52 134
25.53 133
25.54 131
25.55 133
25.56 134
25.57 133
25.58 133
25.59 132
25.6 132
25.61 132
25.62 131
25.63 131
25.64 131
25.65 133
25.66 132
25.67 130
25.68 130
25.69 132
25.7 132
25.71 132
25.72 130
25.73 131
25.74 130
25.75 130
25.76 128
25.77 128
25.78 132
25.79 131
25.8 130
25.81 130
25.82 130
25.83 131
25.84 131
25.85 128
25.86 128
25.87 128
25.88 128
25.89 129
25.9 130
25.91 129
