#Press Ctrl-C to quit...
#channel one minus channel two
0 -24
0.1 -30
0.2 -8
0.3 -37
0.4 -10
0.5 -29
0.6 -23
0.7 -15
0.8 -35
0.9 -8
1.0 -36
1.1 -13
1.2 -26
1.3 -25
1.4 -13
1.5 -36
1.6 -8
1.7 -27
1.8 -28
1.9 -8
2.0 -35
2.1 -18
2.2 -14
2.3 -36
2.4 -10
2.5 -23
2.6 -31
2.7 -7
2.8 -31
2.9 -23
3.0 -10
3.1 -37
3.2 -14
3.3 -19
3.4 -35
3.5 -9
3.6 -28
3.7 -28
3.8 -8
3.9 -34
4.0 -20
4.1 -9
4.2 -37
4.3 -13
4.4 -20
4.5 -34
4.6 -8
4.7 -29
4.8 -27
4.9 -8
5.0 -35
5.1 -19
5.2 -14
5.3 -37
5.4 -17
5.5 -14
5.6 -37
5.7 -12
5.8 -19
5.9 -34
6.0 -7
6.1 -28
6.2 -27
6.3 -8
6.4 -35
6.5 -18
6.6 -14
6.7 -36
6.8 -10
6.9 -24
7.0 -32
7.1 -7
7.2 -33
7.3 -22
7.4 -11
7.5 -37
7.6 -12
7.7 -20
7.8 -34
7.9 -8
8.0 -29
8.1 -27
8.2 -9
8.3 -36
8.4 -17
8.5 -15
8.6 -36
8.7 -10
8.8 -24
8.9 -31
9.0 -8
9.1 -31
9.2 -23
9.3 -10
9.4 -36
9.5 -16
9.6 -16
9.7 -37
9.8 -11
9.9 -25
10.0 -31
10.1 -7
10.2 -34
10.3 -21
10.4 -13
10.5 -37
10.6 -14
10.7 -20
10.8 -35
10.9 -9
11.0 -28
11.1 -27
11.2 -8
11.3 -35
11.4 -19
11.5 -14
11.6 -37
11.7 -11
11.8 -21
11.9 -34
12.0 -7
12.1 -31
12.2 -25
12.3 -9
12.4 -38
12.5 -15
12.6 -17
12.7 -37
12.8 -8
12.9 -27
13.0 -28
13.1 -7
13.2 -35
13.3 -21
13.4 -11
13.5 -38
13.6 -14
13.7 -18
13.8 -36
13.9 -8
14.0 -27
14.1 -30
14.2 -7
14.3 -33
14.4 -23
14.5 -10
14.6 -37
14.7 -13
14.8 -19
14.9 -36
15.0 -7
15.1 -28
15.2 -27
15.3 -7
15.4 -36
15.5 -18
15.6 -15
15.7 -37
15.8 -10
15.9 -24
16.0 -31
16.1 -7
16.2 -34
16.3 -21
16.4 -12
16.5 -37
16.6 -12
16.7 -20
16.8 -35
16.9 -8
17.0 -28
17.1 -31
17.2 -7
17.3 -30
17.4 -26
17.5 -8
17.6 -36
17.7 -17
17.8 -15
17.9 -38
18.0 -10
18.1 -21
18.2 -35
18.3 -7
18.4 -25
18.5 -30
18.6 -6
18.7 -33
18.8 -22
18.9 -11
19.0 -38
19.1 -11
19.2 -21
19.3 -38
19.4 -1
19.5 -33
19.6 -32
19.7 2
19.8 -45
19.9 -16
20.0 -5
20.1 -51
20.2 -1
20.3 -21
20.4 -44
20.5 7
20.6 -39
20.7 -28
20.8 4
20.9 -50
21.0 -8
21.1 -12
21.2 -52
21.3 2199
21.4 -979
21.5 21558
21.6 16557
21.7 17463
21.8 19612
21.9 21298
22.0 21774
22.1 21295
22.2 20278
22.3 19155
22.4 18073
22.5 17039
22.6 16146
22.7 15280
22.8 14551
22.9 12973
23.0 12455
23.1 11965
23.2 11562
23.3 11139
23.4 10811
23.5 10468
23.6 10164
23.7 9909
23.8 9625
23.9 9418
24.0 9171
24.1 8975
24.2 8789
24.3 8574
24.4 8427
24.5 8262
24.6 8085
24.7 7968
24.8 7817
24.9 7669
25.0 7572
25.1 7427
25.2 7313
25.3 7218
25.4 7088
25.5 6996
25.6 6905
25.7 6786
25.8 6717
25.9 6620
26.0 6517
26.1 6463
26.2 6359
26.3 6282
26.4 6226
26.5 6124
26.6 6069
26.7 5999
26.8 5911
26.9 5870
27.0 5785
27.1 5721
27.2 5676
27.3 5586
27.4 5549
27.5 5463
27.6 5420
27.7 5370
27.8 5288
27.9 5257
28.0 5191
28.1 5128
28.2 5101
28.3 5023
28.4 4977
28.5 4939
28.6 4863
28.7 4836
28.8 4781
28.9 4718
29.0 4699
29.1 4629
29.2 4581
29.3 4559
29.4 4487
29.5 4461
29.6 4418
29.7 4349
29.8 4336
29.9 4284
30.0 4230
30.1 4216
30.2 4154
30.3 4118
30.4 4098
30.5 4030
30.6 4019
30.7 3981
30.8 3921
30.9 3918
31.0 3865
31.1 3828
31.2 3819
31.3 3761
31.4 3747
31.5 3700
31.6 3672
31.7 3654
31.8 3599
31.9 3578
32.0 3547
32.1 3532
32.2 3479
32.3 3483
32.4 3427
32.5 3420
32.6 3380
32.7 3354
32.8 3348
32.9 3294
33.0 3300
33.1 3251
33.2 3232
33.3 3227
33.4 3173
33.5 3177
33.6 3152
33.7 3109
33.8 3118
33.9 3078
34.0 3053
34.1 3058
34.2 3006
34.3 3007
34.4 2992
34.5 2950
34.6 2959
34.7 2924
34.8 2900
34.9 2907
35.0 2864
35.1 2859
35.2 2853
35.3 2804
35.4 2820
35.5 2789
35.6 2759
35.7 2775
35.8 2734
35.9 2723
36.0 2725
36.1 2678
36.2 2691
36.3 2667
36.4 2637
36.5 2636
36.6 2611
36.7 2625
36.8 2585
36.9 2576
37.0 2584
37.1 2544
37.2 2548
37.3 2542
37.4 2506
37.5 2517
37.6 2499
37.7 2469
37.8 2485
37.9 2456
38.0 2444
38.1 2457
38.2 2417
38.3 2415
38.4 2420
38.5 2380
38.6 2395
38.7 2386
38.8 2352
38.9 2370
39.0 2346
39.1 2327
39.2 2346
39.3 2308
39.4 2307
39.5 2312
39.6 2272
39.7 2289
39.8 2278
39.9 2245
40.0 2265
40.1 2241
40.2 2224
40.3 2238
40.4 2206
40.5 2205
40.6 2209
40.7 2172
40.8 2186
40.9 2177
41.0 2146
41.1 2169
41.2 2140
41.3 2130
41.4 2148
41.5 2109
41.6 2117
41.7 2115
41.8 2081
41.9 2100
42.0 2084
42.1 2062
42.2 2083
42.3 2051
42.4 2047
42.5 2063
42.6 2029
42.7 2030
42.8 2040
42.9 2002
43.0 2016
43.1 2015
43.2 1983
43.3 2005
43.4 1983
43.5 1967
43.6 1989
43.7 1954
43.8 1954
43.9 1967
44.0 1929
44.1 1942
44.2 1939
44.3 1908
44.4 1931
44.5 1910
44.6 1899
44.7 1918
44.8 1886
44.9 1884
45.0 1901
45.1 1862
45.2 1875
45.3 1877
45.4 1843
45.5 1867
45.6 1852
45.7 1828
45.8 1853
45.9 1826
46.0 1816
46.1 1838
46.2 1799
46.3 1808
46.4 1816
46.5 1779
46.6 1805
46.7 1789
46.8 1763
46.9 1796
47.0 1761
47.1 1757
47.2 1779
47.3 1739
47.4 1753
47.5 1759
47.6 1723
47.7 1746
47.8 1729
47.9 1710
48.0 1739
48.1 1712
48.2 1704
48.3 1722
48.4 1684
48.5 1700
48.6 1697
48.7 1667
48.8 1695
48.9 1675
49.0 1660
49.1 1688
49.2 1652
49.3 1663
49.4 1669
49.5 1633
49.6 1660
49.7 1637
49.8 1638
49.9 1644
50.0 1614
50.1 1643
50.2 1608
50.3 1628
50.4 1610
50.5 1602
50.6 1621
50.7 1583
50.8 1609
50.9 1581
51.0 1595
51.1 1588
51.2 1568
51.3 1592
51.4 1561
51.5 1557
51.6 1578
51.7 1546
51.8 1551
51.9 1565
52.0 1532
52.1 1551
52.2 1547
52.3 1521
52.4 1546
52.5 1533
52.6 1513
52.7 1544
52.8 1515
52.9 1509
53.0 1531
53.1 1496
53.2 1508
53.3 1517
53.4 1482
53.5 1508
53.6 1496
53.7 1475
53.8 1504
53.9 1476
54.0 1470
54.1 1492
54.2 1456
54.3 1476
54.4 1482
54.5 1447
54.6 1471
54.7 1454
54.8 1440
54.9 1468
55.0 1435
55.1 1438
55.2 1452
55.3 1416
55.4 1442
55.5 1432
55.6 1410
55.7 1438
55.8 1411
55.9 1404
56.0 1428
56.1 1391
56.2 1410
56.3 1417
56.4 1382
56.5 1406
56.6 1399
56.7 1372
56.8 1404
56.9 1384
57.0 1367
57.1 1396
57.2 1363
57.3 1369
57.4 1385
57.5 1349
57.6 1370
57.7 1369
57.8 1340
57.9 1362
58.0 1356
58.1 1335
58.2 1365
58.3 1338
58.4 1333
58.5 1359
58.6 1325
58.7 1338
58.8 1345
58.9 1312
59.0 1337
59.1 1324
59.2 1305
59.3 1334
59.4 1304
59.5 1309
59.6 1326
59.7 1290
59.8 1310
59.9 1310
60.0 1276
60.1 1307
60.2 1287
60.3 1275
60.4 1303
60.5 1272
60.6 1280
60.7 1293
60.8 1255
60.9 1285
61.0 1279
61.1 1249
61.2 1279
61.3 1264
61.4 1246
61.5 1275
61.6 1248
61.7 1241
61.8 1273
61.9 1239
62.0 1246
62.1 1257
62.2 1223
62.3 1250
62.4 1244
62.5 1218
62.6 1250
62.7 1232
62.8 1217
62.9 1248
63.0 1214
63.1 1222
63.2 1239
63.3 1202
63.4 1227
63.5 1220
63.6 1192
63.7 1230
63.8 1200
63.9 1198
64.0 1227
64.1 1187
64.2 1204
64.3 1213
64.4 1181
64.5 1210
64.6 1194
64.7 1177
64.8 1207
64.9 1181
65.0 1181
65.1 1197
65.2 1166
65.3 1188
65.4 1187
65.5 1159
65.6 1187
65.7 1169
65.8 1157
65.9 1187
66.0 1152
66.1 1162
66.2 1181
66.3 1144
66.4 1166
66.5 1168
66.6 1140
66.7 1166
66.8 1155
66.9 1136
67.0 1167
67.1 1137
67.2 1137
67.3 1159
67.4 1124
67.5 1144
67.6 1150
67.7 1116
67.8 1149
67.9 1119
68.0 1132
68.1 1134
68.2 1109
68.3 1142
68.4 1106
68.5 1132
68.6 1113
68.7 1111
68.8 1128
68.9 1096
69.0 1132
69.1 1094
69.2 1116
69.3 1113
69.4 1094
69.5 1120
69.6 1100
69.7 1091
69.8 1116
69.9 1082
70.0 1101
70.1 1103
70.2 1070
70.3 1104
70.4 1084
70.5 1072
70.6 1103
70.7 1074
70.8 1082
70.9 1094
71.0 1061
71.1 1085
71.2 1082
71.3 1060
71.4 1089
71.5 1067
71.6 1061
71.7 1089
71.8 1052
71.9 1066
72.0 1078
72.1 1044
72.2 1071
72.3 1060
72.4 1043
72.5 1073
72.6 1048
72.7 1044
72.8 1070
72.9 1039
73.0 1047
73.1 1062
73.2 1028
73.3 1057
73.4 1048
73.5 1024
73.6 1060
73.7 1033
73.8 1029
73.9 1054
74.0 1023
74.1 1035
74.2 1042
74.3 1013
74.4 1038
74.5 1031
74.6 1010
74.7 1046
74.8 1018
74.9 1014
75.0 1036
75.1 1006
75.2 1021
75.3 1028
75.4 996
75.5 1029
75.6 1008
75.7 1000
75.8 1027
75.9 995
76.0 1005
76.1 1020
76.2 985
76.3 1012
76.4 1010
76.5 984
76.6 1016
76.7 998
76.8 982
76.9 1013
77.0 986
77.1 985
77.2 1007
77.3 972
77.4 993
77.5 1000
77.6 970
77.7 998
77.8 990
77.9 966
78.0 998
78.1 977
78.2 974
78.3 996
78.4 964
78.5 985
78.6 987
78.7 958
78.8 985
78.9 969
79.0 963
79.1 991
79.2 960
79.3 967
79.4 984
79.5 951
79.6 976
79.7 969
79.8 947
79.9 982
80.0 953
80.1 955
80.2 975
80.3 942
80.4 959
80.5 971
80.6 940
80.7 970
80.8 958
80.9 939
81.0 971
81.1 940
81.2 939
81.3 970
81.4 941
81.5 943
81.6 966
81.7 931
81.8 952
81.9 957
82.0 926
82.1 959
82.2 945
82.3 931
82.4 959
82.5 928
82.6 934
82.7 956
82.8 922
82.9 940
83.0 946
83.1 917
83.2 949
83.3 930
83.4 918
83.5 949
83.6 918
83.7 927
83.8 947
83.9 906
84.0 934
84.1 927
84.2 906
84.3 943
84.4 912
84.5 912
84.6 937
84.7 905
84.8 925
84.9 927
85.0 897
85.1 933
85.2 912
85.3 901
85.4 931
85.5 895
85.6 906
85.7 925
85.8 890
85.9 915
86.0 906
86.1 893
86.2 918
86.3 884
86.4 916
86.5 890
86.6 901
86.7 904
86.8 885
86.9 918
87.0 879
87.1 908
87.2 884
87.3 892
87.4 905
87.5 872
87.6 904
87.7 890
87.8 878
87.9 908
88.0 872
88.1 883
88.2 900
88.3 865
88.4 893
88.5 889
88.6 867
88.7 895
88.8 876
88.9 869
89.0 897
89.1 867
89.2 880
89.3 888
89.4 854
89.5 885
89.6 872
89.7 862
89.8 894
89.9 863
90.0 866
90.1 890
90.2 858
90.3 870
90.4 871
90.5 844
90.6 885
90.7 859
90.8 851
90.9 884
91.0 848
91.1 856
91.2 876
91.3 844
91.4 865
91.5 867
91.6 843
91.7 870
91.8 848
91.9 842
92.0 873
92.1 838
92.2 854
92.3 865
92.4 831
92.5 861
92.6 848
92.7 836
92.8 866
92.9 832
93.0 840
93.1 860
93.2 835
93.3 850
93.4 846
93.5 825
93.6 859
93.7 832
93.8 838
93.9 858
94.0 826
94.1 844
94.2 849
94.3 818
94.4 849
94.5 837
94.6 825
94.7 849
94.8 827
94.9 820
95.0 847
95.1 813
95.2 838
95.3 826
95.4 820
95.5 843
95.6 807
95.7 840
95.8 813
95.9 831
96.0 825
96.1 818
96.2 838
96.3 808
96.4 838
96.5 814
96.6 814
96.7 838
96.8 808
96.9 823
97.0 827
97.1 800
97.2 832
97.3 817
97.4 810
97.5 834
97.6 802
97.7 819
97.8 830
97.9 796
98.0 823
98.1 820
98.2 797
98.3 825
98.4 806
98.5 803
98.6 827
98.7 796
98.8 811
98.9 821
99.0 790
99.1 819
99.2 809
99.3 785
99.4 819
99.5 796
99.6 793
99.7 818
99.8 790
99.9 802
100.0 811
100.1 790
100.2 816
100.3 805
100.4 785
100.5 815
100.6 794
100.7 793
100.8 811
100.9 784
101.0 797
101.1 800
101.2 779
101.3 806
101.4 791
101.5 781
101.6 812
101.7 781
101.8 789
101.9 800
102.0 773
102.1 798
102.2 788
102.3 768
102.4 804
102.5 780
102.6 779
102.7 800
102.8 767
102.9 781
103.0 794
103.1 762
103.2 792
103.3 792
103.4 760
103.5 793
103.6 778
103.7 765
103.8 794
103.9 766
104.0 764
104.1 790
104.2 782
104.3 775
104.4 793
104.5 760
104.6 781
104.7 772
104.8 759
104.9 785
105.0 758
105.1 763
105.2 791
105.3 755
105.4 773
105.5 780
105.6 747
105.7 774
105.8 771
105.9 750
106.0 780
106.1 757
106.2 752
106.3 781
106.4 751
106.5 763
106.6 778
106.7 743
106.8 772
106.9 756
107.0 746
107.1 773
107.2 757
107.3 752
107.4 777
107.5 745
107.6 759
107.7 762
107.8 737
107.9 765
108.0 754
108.1 740
108.2 765
108.3 742
108.4 741
108.5 765
108.6 737
108.7 748
108.8 758
108.9 731
109.0 759
109.1 747
109.2 730
109.3 761
109.4 737
109.5 742
109.6 761
109.7 731
109.8 748
109.9 748
110.0 727
110.1 752
110.2 737
110.3 727
110.4 758
110.5 728
110.6 740
110.7 747
110.8 723
110.9 749
111.0 737
111.1 726
111.2 754
111.3 727
111.4 731
111.5 746
111.6 717
111.7 739
111.8 738
111.9 720
112.0 748
112.1 733
112.2 717
112.3 748
112.4 716
112.5 730
112.6 740
112.7 710
112.8 742
112.9 734
113.0 709
113.1 749
113.2 720
113.3 724
113.4 729
113.5 711
113.6 737
113.7 708
113.8 733
113.9 717
114.0 718
114.1 731
114.2 701
114.3 735
114.4 704
114.5 722
114.6 720
114.7 703
114.8 732
114.9 706
115.0 715
115.1 727
115.2 697
115.3 723
115.4 721
115.5 695
115.6 727
115.7 712
115.8 700
115.9 733
116.0 701
116.1 711
116.2 720
116.3 696
116.4 727
116.5 720
116.6 687
116.7 728
116.8 698
116.9 698
117.0 722
117.1 698
117.2 718
117.3 722
117.4 690
117.5 721
117.6 703
117.7 696
117.8 725
117.9 690
118.0 708
118.1 716
118.2 687
118.3 716
118.4 704
118.5 686
118.6 719
118.7 691
118.8 699
118.9 717
119.0 686
119.1 710
119.2 717
119.3 696
119.4 713
119.5 694
119.6 686
119.7 715
119.8 695
119.9 693
120.0 712
120.1 684
120.2 705
120.3 705
120.4 680
120.5 709
120.6 689
120.7 691
120.8 724
120.9 687
121.0 699
121.1 705
121.2 677
121.3 704
121.4 694
121.5 681
121.6 708
121.7 683
121.8 686
121.9 706
122.0 676
122.1 701
122.2 694
122.3 684
122.4 682
122.5 702
122.6 671
122.7 689
122.8 706
122.9 675
123.0 709
123.1 684
123.2 674
123.3 709
123.4 674
123.5 686
123.6 697
123.7 671
123.8 695
123.9 687
124.0 672
124.1 704
124.2 677
124.3 683
124.4 704
124.5 673
124.6 679
124.7 698
124.8 673
124.9 687
125.0 691
125.1 662
125.2 696
125.3 680
125.4 668
125.5 699
125.6 667
125.7 677
125.8 695
125.9 664
126.0 697
126.1 685
126.2 664
126.3 691
126.4 667
126.5 677
126.6 693
126.7 661
126.8 706
126.9 685
127.0 659
127.1 689
127.2 663
127.3 667
127.4 692
127.5 658
127.6 680
127.7 677
127.8 666
127.9 686
128.0 664
128.1 660
128.2 690
128.3 657
128.4 669
128.5 685
128.6 654
128.7 679
