#Press Ctrl-C to quit...
#channel one minus channel two
0 -12
0.5 -11
1.0 -11
1.5 -9
2.0 -8
2.5 -8
3.0 -8
3.5 -7
4.0 -7
4.5 -7
5.0 -6
5.5 -7
6.0 -6
6.5 -5
7.0 -7
7.5 -6
8.0 -6
8.5 -6
9.0 -5
9.5 -6
10.0 -5
10.5 -5
11.0 -6
11.5 -4
12.0 -5
12.5 -6
13.0 -4
#Press Ctrl-C to quit...
#channel one minus channel two
0 81
0.5 87
1.0 86
1.5 87
2.0 86
2.5 87
3.0 86
3.5 85
4.0 87
4.5 86
5.0 85
5.5 86
6.0 83
6.5 86
7.0 85
7.5 85
8.0 85
8.5 85
9.0 84
9.5 85
10.0 83
10.5 83
11.0 84
11.5 84
12.0 84
12.5 84
13.0 84
13.5 86
14.0 84
14.5 85
15.0 86
15.5 86
16.0 84
16.5 85
17.0 84
17.5 85
18.0 85
18.5 85
19.0 86
19.5 85
20.0 85
20.5 86
21.0 86
21.5 86
22.0 86
22.5 86
23.0 86
23.5 85
24.0 86
24.5 86
25.0 87
25.5 86
26.0 84
26.5 86
27.0 84
27.5 84
28.0 87
28.5 84
29.0 69
29.5 -7980
30.0 -8401
30.5 -8643
31.0 -8730
31.5 -8722
32.0 -8923
32.5 -8865
33.0 -8815
33.5 -8940
34.0 -8943
34.5 -9002
35.0 -9067
35.5 -8658
36.0 1107
36.5 142
37.0 117
37.5 105
38.0 97
38.5 92
39.0 88
39.5 86
40.0 84
40.5 82
41.0 80
41.5 80
42.0 78
42.5 78
43.0 77
43.5 77
44.0 76
44.5 77
45.0 76
45.5 76
46.0 77
46.5 77
47.0 77
47.5 77
48.0 76
48.5 76
