#Press Ctrl-C to quit...
#channel one minus channel two
0 -23
0.1 -28
0.2 -13
0.3 -33
0.4 -12
0.5 -28
0.6 -20
0.7 -18
0.8 -31
0.9 -11
1.0 -32
1.1 -14
1.2 -26
1.3 -24
1.4 -15
1.5 -33
1.6 -11
1.7 -32
1.8 -16
1.9 -23
2.0 -26
2.1 -14
2.2 -32
2.3 -13
2.4 -31
2.5 -18
2.6 -21
2.7 -28
2.8 -13
2.9 -34
3.0 -12
3.1 -29
3.2 -20
3.3 -19
3.4 -31
3.5 -11
3.6 -33
3.7 -15
3.8 -21
3.9 -31
4.0 -12
4.1 -28
4.2 -25
4.3 -12
4.4 -32
4.5 -18
4.6 -17
4.7 -32
4.8 -12
4.9 -25
5.0 -29
5.1 -11
5.2 -31
5.3 -25
5.4 -12
5.5 -33
5.6 -18
5.7 -18
5.8 -33
5.9 -13
6.0 -23
6.1 -30
6.2 -12
6.3 -29
6.4 -25
6.5 -13
6.6 -33
6.7 -17
6.8 -19
6.9 -33
7.0 -12
7.1 -26
7.2 -27
7.3 -11
7.4 -32
7.5 -20
7.6 -16
7.7 -33
7.8 -14
7.9 -23
8.0 -30
8.1 -10
8.2 -31
8.3 -23
8.4 -14
8.5 -34
8.6 -15
8.7 -20
8.8 -32
8.9 -10
9.0 -29
9.1 -26
9.2 -12
9.3 -34
9.4 -17
9.5 -17
9.6 -34
9.7 -13
9.8 -22
9.9 -33
10.0 -10
10.1 -28
10.2 -26
10.3 -11
10.4 -34
10.5 -18
10.6 -18
10.7 -34
10.8 -12
10.9 -26
11.0 -28
11.1 -10
11.2 -33
11.3 -19
11.4 -15
11.5 -34
11.6 -13
11.7 -23
11.8 -31
11.9 -9
12.0 -32
12.1 -23
12.2 -11
12.3 -39
12.4 -11
12.5 -22
12.6 -36
12.7 -5
12.8 -33
12.9 -24
13.0 -7
13.1 -42
13.2 -11
13.3 -18
13.4 -41
13.5 -2
13.6 -30
13.7 -34
13.8 1
13.9 -42
14.0 -17
14.1 -8
14.2 -2302
14.3 3863
14.4 14357
14.5 15668
14.6 16629
14.7 18149
14.8 19635
14.9 20440
15.0 20473
15.1 19849
15.2 18813
15.3 17664
15.4 16506
15.5 15435
15.6 14481
15.7 13543
15.8 12700
15.9 11959
16.0 11256
16.1 10663
16.2 10138
16.3 9637
16.4 9224
16.5 8837
16.6 8473
16.7 8185
16.8 7885
16.9 7619
17.0 7405
17.1 7165
17.2 6973
17.3 6802
17.4 6608
17.5 6469
17.6 6331
17.7 6169
17.8 6067
17.9 5939
18.0 5811
18.1 5735
18.2 5609
18.3 5511
18.4 5429
18.5 5362
18.6 5251
18.7 5194
18.8 5112
18.9 5022
19.0 4977
19.1 4882
19.2 4835
19.3 4760
19.4 4698
19.5 4655
19.6 4571
19.7 4538
19.8 4456
19.9 4414
20.0 4355
20.1 4287
20.2 4251
20.3 4168
20.4 4142
20.5 4069
20.6 4028
20.7 3989
20.8 3919
20.9 3901
21.0 3829
21.1 3811
21.2 3752
21.3 3711
21.4 3683
21.5 3626
21.6 3614
21.7 3551
21.8 3528
21.9 3493
22.0 3436
22.1 3427
22.2 3373
22.3 3343
22.4 3328
22.5 3271
22.6 3254
22.7 3226
22.8 3175
22.9 3142
23.0 3137
23.1 3106
23.2 3061
23.3 3057
23.4 3016
23.5 2981
23.6 2979
23.7 2937
23.8 2911
23.9 2907
24.0 2857
24.1 2846
24.2 2831
24.3 2780
24.4 2793
24.5 2753
24.6 2724
24.7 2733
24.8 2683
24.9 2674
25.0 2666
25.1 2618
25.2 2626
25.3 2601
25.4 2566
25.5 2577
25.6 2536
25.7 2523
25.8 2520
25.9 2478
26.0 2478
26.1 2462
26.2 2423
26.3 2438
26.4 2404
26.5 2387
26.6 2393
26.7 2351
26.8 2353
26.9 2345
27.0 2303
27.1 2317
27.2 2292
27.3 2270
27.4 2281
27.5 2244
27.6 2239
27.7 2243
27.8 2203
27.9 2196
28.0 2207
28.1 2171
28.2 2167
28.3 2166
28.4 2127
28.5 2141
28.6 2128
28.7 2097
28.8 2113
28.9 2080
29.0 2071
29.1 2082
29.2 2045
29.3 2052
29.4 2045
29.5 2012
29.6 2032
29.7 2004
29.8 1988
29.9 2005
30.0 1969
30.1 1973
30.2 1972
30.3 1938
30.4 1956
30.5 1940
30.6 1916
30.7 1936
30.8 1902
30.9 1897
31.0 1912
31.1 1875
31.2 1875
31.3 1879
31.4 1845
31.5 1862
31.6 1847
31.7 1819
31.8 1844
31.9 1811
32.0 1807
32.1 1821
32.2 1779
32.3 1792
32.4 1795
32.5 1758
32.6 1779
32.7 1760
32.8 1743
32.9 1766
33.0 1732
33.1 1728
33.2 1743
33.3 1701
33.4 1726
33.5 1713
33.6 1683
33.7 1713
33.8 1680
33.9 1675
34.0 1694
34.1 1653
34.2 1668
34.3 1666
34.4 1631
34.5 1662
34.6 1640
34.7 1618
34.8 1648
34.9 1610
35.0 1613
35.1 1627
35.2 1586
35.3 1607
35.4 1602
35.5 1567
35.6 1608
35.7 1565
35.8 1563
35.9 1592
36.0 1544
36.1 1560
36.2 1566
36.3 1535
36.4 1555
36.5 1537
36.6 1519
36.7 1546
36.8 1537
36.9 1506
37.0 1509
37.1 1528
37.2 1490
37.3 1503
37.4 1505
37.5 1475
37.6 1502
37.7 1482
37.8 1467
37.9 1491
38.0 1461
38.1 1465
38.2 1475
38.3 1441
38.4 1462
38.5 1456
38.6 1428
38.7 1456
38.8 1442
38.9 1422
39.0 1447
39.1 1421
39.2 1416
39.3 1438
39.4 1401
39.5 1410
39.6 1421
39.7 1388
39.8 1411
39.9 1402
40.0 1378
40.1 1402
40.2 1379
40.3 1373
40.4 1395
40.5 1362
40.6 1368
40.7 1385
40.8 1350
40.9 1372
41.0 1362
41.1 1338
41.2 1366
41.3 1342
41.4 1336
41.5 1359
41.6 1323
41.7 1337
41.8 1339
41.9 1312
42.0 1335
42.1 1324
42.2 1308
42.3 1333
42.4 1308
42.5 1303
42.6 1325
42.7 1295
42.8 1297
42.9 1315
43.0 1279
43.1 1299
43.2 1298
43.3 1270
43.4 1297
43.5 1280
43.6 1267
43.7 1294
43.8 1264
43.9 1265
44.0 1285
44.1 1249
44.2 1261
44.3 1267
44.4 1238
44.5 1264
44.6 1250
44.7 1232
44.8 1263
44.9 1233
45.0 1230
45.1 1254
45.2 1219
45.3 1235
45.4 1242
45.5 1210
45.6 1231
45.7 1226
45.8 1201
45.9 1226
46.0 1208
46.1 1194
46.2 1216
46.3 1202
46.4 1195
46.5 1211
46.6 1178
46.7 1211
46.8 1179
46.9 1193
47.0 1189
47.1 1173
47.2 1195
47.3 1160
47.4 1187
47.5 1166
47.6 1169
47.7 1178
47.8 1148
47.9 1182
48.0 1145
48.1 1163
48.2 1154
48.3 1141
48.4 1167
48.5 1131
48.6 1164
48.7 1137
48.8 1144
48.9 1147
49.0 1122
49.1 1152
49.2 1126
49.3 1120
49.4 1145
49.5 1115
49.6 1122
49.7 1138
49.8 1104
49.9 1124
50.0 1124
50.1 1096
50.2 1126
50.3 1110
50.4 1096
50.5 1123
50.6 1094
50.7 1093
50.8 1118
50.9 1082
51.0 1091
51.1 1109
51.2 1074
51.3 1096
51.4 1095
51.5 1065
51.6 1100
51.7 1077
51.8 1064
51.9 1092
52.0 1059
52.1 1071
52.2 1080
52.3 1046
52.4 1074
52.5 1068
52.6 1041
52.7 1075
52.8 1048
52.9 1043
53.0 1071
53.1 1036
53.2 1047
53.3 1057
53.4 1023
53.5 1053
53.6 1045
53.7 1022
53.8 1054
53.9 1026
54.0 1022
54.1 1045
54.2 1015
54.3 1024
54.4 1040
54.5 1004
54.6 1029
54.7 1025
54.8 1000
54.9 1031
55.0 1009
55.1 997
55.2 1027
55.3 993
55.4 1010
55.5 1004
55.6 992
55.7 1016
55.8 981
55.9 1009
56.0 980
56.1 995
56.2 1003
56.3 971
56.4 1002
56.5 982
56.6 974
56.7 1003
56.8 964
56.9 978
57.0 988
57.1 959
57.2 983
57.3 976
57.4 953
57.5 985
57.6 960
57.7 957
57.8 979
57.9 947
58.0 960
58.1 971
58.2 939
58.3 962
58.4 959
58.5 934
58.6 969
58.7 937
58.8 938
58.9 961
59.0 929
59.1 945
59.2 950
59.3 919
59.4 952
59.5 940
59.6 917
59.7 950
59.8 921
59.9 925
60.0 942
60.1 908
60.2 931
60.3 929
60.4 900
60.5 931
60.6 908
60.7 905
60.8 931
60.9 894
61.0 912
61.1 922
61.2 886
61.3 917
61.4 913
61.5 885
61.6 915
61.7 897
61.8 885
61.9 915
62.0 881
62.1 892
62.2 907
62.3 876
62.4 895
62.5 897
62.6 868
62.7 900
62.8 881
62.9 869
63.0 897
63.1 865
63.2 874
63.3 890
63.4 856
63.5 882
63.6 880
63.7 854
63.8 889
63.9 864
64.0 858
64.1 883
64.2 850
64.3 866
64.4 872
64.5 838
64.6 874
64.7 843
64.8 858
64.9 860
65.0 840
65.1 872
65.2 831
65.3 858
65.4 860
65.5 826
65.6 861
65.7 842
65.8 833
65.9 864
66.0 826
66.1 840
66.2 852
66.3 821
66.4 850
66.5 840
66.6 817
66.7 852
66.8 824
66.9 818
67.0 844
67.1 810
67.2 826
67.3 834
67.4 803
67.5 833
67.6 822
67.7 805
67.8 835
67.9 811
68.0 803
68.1 834
68.2 798
68.3 808
68.4 829
68.5 794
68.6 815
68.7 817
68.8 786
68.9 819
69.0 802
69.1 793
69.2 825
69.3 786
69.4 797
69.5 816
69.6 780
69.7 802
69.8 801
69.9 776
70.0 809
70.1 788
70.2 780
70.3 807
70.4 773
70.5 789
70.6 803
70.7 765
70.8 794
70.9 790
71.0 763
71.1 798
71.2 772
71.3 774
71.4 794
71.5 761
71.6 779
71.7 793
71.8 762
71.9 784
72.0 784
72.1 756
72.2 787
72.3 766
72.4 757
72.5 787
72.6 757
72.7 770
72.8 784
72.9 747
73.0 771
73.1 773
73.2 744
73.3 773
73.4 763
73.5 745
73.6 769
73.7 758
73.8 752
73.9 770
74.0 737
74.1 773
74.2 736
74.3 758
74.4 765
74.5 730
74.6 763
74.7 746
74.8 735
74.9 768
75.0 733
75.1 745
75.2 759
75.3 724
75.4 748
75.5 747
75.6 723
75.7 757
75.8 738
75.9 723
76.0 759
76.1 723
76.2 732
76.3 754
76.4 718
76.5 746
76.6 743
76.7 717
76.8 750
76.9 719
77.0 724
77.1 748
77.2 715
77.3 733
77.4 736
77.5 710
77.6 742
77.7 725
77.8 711
77.9 743
78.0 706
78.1 722
78.2 737
78.3 704
78.4 734
78.5 724
78.6 706
78.7 738
78.8 709
78.9 713
79.0 735
79.1 699
79.2 722
79.3 726
79.4 697
79.5 728
79.6 716
79.7 695
79.8 730
79.9 702
80.0 703
80.1 730
80.2 690
80.3 710
80.4 717
80.5 689
80.6 722
80.7 703
80.8 692
80.9 725
81.0 693
81.1 700
81.2 726
81.3 687
81.4 704
81.5 716
81.6 681
81.7 711
81.8 702
81.9 683
82.0 718
82.1 685
82.2 689
82.3 710
82.4 679
82.5 704
82.6 703
82.7 676
82.8 710
82.9 678
83.0 700
83.1 693
83.2 680
83.3 705
83.4 670
83.5 696
83.6 695
83.7 670
83.8 702
83.9 683
84.0 673
84.1 706
84.2 671
84.3 683
84.4 695
84.5 662
84.6 695
84.7 686
84.8 660
84.9 702
85.0 668
85.1 668
85.2 700
85.3 657
85.4 681
85.5 688
85.6 656
85.7 688
85.8 676
85.9 658
86.0 691
86.1 664
86.2 663
86.3 693
86.4 654
86.5 674
86.6 684
86.7 651
86.8 682
86.9 671
87.0 656
87.1 685
87.2 655
87.3 660
87.4 685
87.5 650
87.6 672
87.7 678
87.8 647
87.9 677
88.0 662
88.1 651
88.2 686
88.3 652
88.4 660
88.5 680
88.6 644
88.7 669
88.8 666
88.9 643
89.0 675
89.1 653
89.2 650
89.3 680
89.4 644
89.5 657
89.6 669
89.7 638
89.8 665
89.9 663
90.0 635
90.1 673
90.2 650
90.3 642
90.4 672
90.5 642
90.6 650
90.7 669
90.8 636
90.9 661
91.0 657
91.1 637
91.2 668
91.3 643
91.4 637
91.5 671
91.6 627
91.7 647
91.8 659
91.9 627
92.0 669
92.1 624
92.2 656
92.3 647
92.4 627
92.5 666
92.6 622
92.7 645
92.8 657
92.9 619
93.0 660
93.1 642
93.2 622
93.3 663
93.4 628
93.5 634
93.6 656
93.7 616
93.8 649
93.9 644
94.0 616
94.1 654
94.2 633
94.3 622
94.4 655
94.5 620
94.6 627
94.7 652
94.8 614
94.9 637
95.0 644
95.1 610
95.2 647
95.3 627
95.4 613
95.5 649
95.6 613
95.7 626
95.8 644
95.9 606
96.0 639
96.1 630
96.2 603
96.3 647
96.4 610
96.5 614
96.6 639
96.7 601
96.8 626
96.9 637
97.0 598
97.1 634
97.2 620
97.3 605
97.4 642
97.5 605
97.6 613
97.7 635
97.8 598
97.9 625
98.0 624
98.1 593
98.2 634
98.3 618
98.4 596
98.5 634
98.6 600
98.7 608
98.8 631
98.9 595
99.0 624
99.1 620
99.2 589
99.3 628
99.4 604
99.5 601
99.6 632
99.7 592
99.8 611
99.9 621
100.0 587
100.1 624
100.2 606
100.3 590
100.4 626
100.5 593
100.6 602
100.7 628
100.8 587
100.9 612
101.0 614
101.1 581
101.2 619
101.3 600
101.4 589
101.5 625
101.6 584
101.7 604
101.8 620
101.9 577
