#Press Ctrl-C to quit...
#channel 0 minus channel 1
0 -40
0.1 -51
0.2 -45
0.3 -54
0.4 -55
0.5 -64
0.6 -65
0.7 -59
0.8 -67
0.9 -67
1.0 -73
1.1 -65
1.2 -67
1.3 -70
1.4 -71
1.5 -71
1.6 -67
1.7 -70
1.8 -71
1.9 -66
2.0 -72
2.1 -72
2.2 -69
2.3 -75
2.4 -72
2.5 -73
2.6 -78
2.7 -72
2.8 -76
2.9 -75
3.0 -71
3.1 -76
3.2 -74
3.3 -75
3.4 -78
3.5 -75
3.6 -77
3.7 -81
3.8 -78
3.9 -81
4.0 -79
4.1 -79
4.2 -80
4.3 -77
4.4 -79
4.5 -83
4.6 -77
4.7 -81
4.8 -80
4.9 -78
5.0 -83
5.1 -82
5.2 -85
5.3 -86
5.4 -80
5.5 -87
5.6 -86
5.7 -78
5.8 -83
5.9 -79
6.0 977
6.1 1276
6.2 426
6.3 475
6.4 82
6.5 480
6.6 8
6.7 -11
6.8 444
6.9 -4
7.0 358
7.1 373
7.2 29
7.3 408
7.4 144
7.5 166
7.6 425
7.7 107
7.8 370
7.9 445
8.0 -104
8.1 332
8.2 -305
8.3 -1021
8.4 433
8.5 -926
8.6 46
8.7 549
8.8 -1582
8.9 318
9.0 -88
9.1 -1026
9.2 410
9.3 -1514
9.4 -251
9.5 631
9.6 -1273
9.7 1191
9.8 810
9.9 779
10.0 1002
10.1 457
10.2 329
10.3 244
10.4 176
10.5 146
10.6 114
10.7 85
10.8 72
10.9 48
11.0 38
11.1 30
11.2 13
11.3 11
11.4 5
11.5 -4
11.6 -5
11.7 -15
11.8 -16
11.9 -16
12.0 -23
12.1 -24
12.2 -26
12.3 -37
12.4 -36
12.5 -43
12.6 -46
12.7 -44
12.8 -53
12.9 -52
13.0 -49
13.1 -55
13.2 -53
13.3 -57
13.4 -61
13.5 -57
13.6 -66
13.7 -64
13.8 -62
13.9 -72
14.0 -67
14.1 -67
14.2 -73
14.3 -69
14.4 -81
14.5 -81
14.6 -76
14.7 -76
14.8 -75
14.9 -82
15.0 -83
15.1 -77
15.2 -80
15.3 -80
15.4 -77
15.5 -83
15.6 -78
15.7 -82
15.8 -84
15.9 -79
16.0 -84
16.1 -81
16.2 -82
16.3 -89
16.4 -83
16.5 -88
16.6 -88
16.7 -83
16.8 -89
16.9 -85
17.0 -84
17.1 -88
17.2 -84
17.3 -88
17.4 -93
17.5 -86
17.6 -91
17.7 -91
17.8 -86
17.9 -92
18.0 -86
18.1 -86
18.2 -91
18.3 -87
18.4 -94
18.5 -92
18.6 -89
18.7 -93
18.8 -91
18.9 -88
19.0 -95
19.1 -90
19.2 -88
19.3 -93
19.4 -89
19.5 -95
19.6 -93
19.7 -88
19.8 -95
19.9 -90
20.0 -90
20.1 -97
20.2 -92
20.3 -94
20.4 -95
20.5 -89
20.6 -95
20.7 -94
20.8 -88
20.9 -93
21.0 -90
21.1 -90
21.2 -96
21.3 -91
21.4 -97
21.5 -96
21.6 -90
21.7 -94
21.8 -91
21.9 -90
22.0 -92
22.1 -88
22.2 -93
22.3 -93
22.4 -89
22.5 -95
22.6 -95
22.7 -93
22.8 -95
22.9 -91
23.0 -89
23.1 -94
23.2 -90
23.3 -95
23.4 -94
23.5 -89
23.6 -93
23.7 -94
23.8 -97
23.9 -95
24.0 -88
24.1 -95
24.2 -89
24.3 -91
24.4 -94
24.5 -88
24.6 -92
24.7 -96
24.8 -89
24.9 -93
25.0 -90
25.1 -88
25.2 -93
25.3 -88
25.4 -93
25.5 -92
25.6 -87
25.7 -93
25.8 -90
25.9 -90
26.0 -95
26.1 -89
26.2 -93
26.3 -93
26.4 -87
26.5 -90
26.6 -89
26.7 -86
26.8 -92
26.9 -87
27.0 -90
27.1 -92
27.2 -87
27.3 -94
27.4 -91
27.5 -88
27.6 -91
27.7 -86
27.8 -88
27.9 -91
28.0 -87
28.1 -91
28.2 -91
28.3 -87
28.4 -90
28.5 -91
28.6 -88
28.7 -91
28.8 -89
28.9 -87
29.0 -90
29.1 -86
29.2 -91
29.3 -91
29.4 -86
29.5 -91
29.6 -91
29.7 -88
29.8 -93
29.9 -88
30.0 -87
30.1 -92
30.2 -86
30.3 -92
30.4 -89
30.5 -85
30.6 -89
30.7 -88
30.8 -87
30.9 -91
31.0 -88
31.1 -86
31.2 -92
31.3 -87
31.4 -92
31.5 -88
31.6 -84
31.7 -89
31.8 -87
31.9 -85
32.0 -88
32.1 -85
32.2 -87
32.3 -92
32.4 -86
32.5 -89
32.6 -93
32.7 -86
32.8 -90
32.9 -85
33.0 -92
33.1 -88
33.2 -88
33.3 -91
33.4 -85
33.5 -88
33.6 -87
33.7 -83
33.8 -89
33.9 -85
34.0 -83
34.1 -90
34.2 -84
34.3 -91
34.4 -92
34.5 -85
34.6 -89
34.7 -93
34.8 -83
34.9 -90
35.0 -85
35.1 -84
35.2 -89
35.3 -84
35.4 -91
35.5 -89
35.6 -85
35.7 -91
35.8 -88
35.9 -84
36.0 -91
36.1 -84
36.2 -85
36.3 -88
36.4 -81
36.5 -90
36.6 -87
36.7 -82
36.8 -91
36.9 -85
37.0 -88
37.1 -91
37.2 -83
37.3 -91
37.4 -89
37.5 -80
37.6 -92
37.7 -87
37.8 -81
37.9 -92
38.0 -84
38.1 -86
38.2 -94
38.3 -85
38.4 -95
38.5 -93
38.6 -81
38.7 -96
38.8 -89
38.9 -82
39.0 -94
39.1 -83
39.2 -114
39.3 -98
39.4 -84
39.5 -100
39.6 -97
39.7 -85
39.8 -95
39.9 -87
40.0 -85
40.1 -92
40.2 -82
40.3 -93
40.4 -91
40.5 -85
40.6 -90
40.7 -91
40.8 -86
40.9 -91
41.0 -87
41.1 -86
41.2 -89
41.3 -83
41.4 -89
41.5 -89
41.6 -83
41.7 -91
41.8 -86
41.9 -89
42.0 -94
42.1 -91
42.2 -91
42.3 -85
42.4 -85
42.5 -89
42.6 -86
42.7 -90
42.8 -90
42.9 -83
43.0 -87
43.1 -87
43.2 -82
43.3 -88
43.4 -82
43.5 -84
43.6 -89
43.7 -85
43.8 -97
43.9 -91
44.0 -82
44.1 -89
44.2 -86
44.3 -82
44.4 -88
44.5 -82
44.6 -85
44.7 -88
44.8 -80
44.9 -88
45.0 -85
45.1 -82
45.2 -87
45.3 -82
45.4 -81
45.5 -82
45.6 -79
45.7 -82
45.8 -86
45.9 -80
46.0 -85
46.1 -85
46.2 -79
46.3 -92
46.4 -82
46.5 -82
46.6 -1878
46.7 409
46.8 -246
46.9 -801
47.0 459
47.1 1073
47.2 395
47.3 262
47.4 198
47.5 162
47.6 126
47.7 102
47.8 87
47.9 62
48.0 53
48.1 42
48.2 22
48.3 19
48.4 11
48.5 2
48.6 0
48.7 -9
48.8 -14
48.9 -15
49.0 -21
49.1 -22
49.2 -26
49.3 -31
49.4 -31
49.5 -37
49.6 -41
49.7 -40
49.8 -49
49.9 -50
50.0 -48
50.1 -55
50.2 -53
50.3 -55
50.4 -61
50.5 -58
50.6 -63
50.7 -65
50.8 -63
50.9 -69
51.0 -68
51.1 -74
51.2 -70
51.3 -64
51.4 -72
51.5 -68
51.6 -68
51.7 -73
51.8 -71
51.9 -81
52.0 -77
52.1 -73
52.2 -78
52.3 -75
52.4 -74
52.5 -82
52.6 -76
52.7 -82
52.8 -80
52.9 -77
53.0 -84
53.1 -84
53.2 -81
53.3 -84
53.4 -84
53.5 -80
53.6 -86
53.7 -80
53.8 -82
53.9 -85
54.0 -81
54.1 -92
54.2 -88
54.3 -84
54.4 -89
54.5 -87
54.6 -86
54.7 -90
54.8 -85
54.9 -90
55.0 -90
55.1 -85
55.2 -93
55.3 -90
55.4 -86
55.5 -91
55.6 -88
55.7 -88
55.8 -93
55.9 -89
56.0 -93
56.1 -92
56.2 -89
56.3 -91
56.4 -89
56.5 -87
56.6 -91
56.7 -87
56.8 -92
56.9 -93
57.0 -88
57.1 -92
57.2 -92
57.3 -89
57.4 -92
57.5 -87
57.6 -87
57.7 -91
57.8 -86
57.9 -92
58.0 -93
58.1 -87
58.2 -95
58.3 -93
58.4 -89
58.5 -93
58.6 -91
58.7 -87
58.8 -91
58.9 -86
59.0 -90
59.1 -91
59.2 -86
59.3 -92
59.4 -91
59.5 -88
59.6 -94
59.7 -89
59.8 -89
59.9 -96
60.0 -93
60.1 -92
60.2 -88
60.3 -88
60.4 -92
60.5 -86
60.6 -91
60.7 -90
60.8 -87
60.9 -92
61.0 -90
61.1 -87
61.2 -91
61.3 -86
61.4 -87
61.5 -91
61.6 -85
61.7 -89
61.8 -88
61.9 -84
62.0 -90
62.1 -87
62.2 -88
62.3 -91
62.4 -87
62.5 -89
62.6 -91
62.7 -84
62.8 -88
62.9 -89
63.0 -83
63.1 -91
63.2 -86
63.3 -86
63.4 -91
63.5 -86
63.6 -90
63.7 -93
63.8 -86
63.9 -89
64.0 -88
64.1 -83
64.2 -89
64.3 -84
64.4 -85
64.5 -88
64.6 -85
64.7 -91
64.8 -90
64.9 -85
65.0 -89
65.1 -83
65.2 -84
65.3 -88
65.4 -82
65.5 -87
65.6 -88
65.7 -85
65.8 -88
65.9 -85
66.0 -87
66.1 -89
66.2 -83
66.3 -89
66.4 -88
66.5 -83
66.6 -87
66.7 -85
66.8 -84
66.9 -87
67.0 -82
67.1 -87
67.2 -88
67.3 -86
67.4 -87
67.5 -87
67.6 -82
67.7 -85
67.8 -83
67.9 -82
68.0 -86
68.1 -81
68.2 -85
68.3 -86
68.4 -82
68.5 -88
68.6 -84
68.7 -83
68.8 -88
68.9 -83
69.0 -91
69.1 -90
69.2 -80
69.3 -85
69.4 -81
69.5 -85
69.6 -85
69.7 -80
69.8 -86
69.9 -86
70.0 -82
70.1 -87
70.2 -85
70.3 -83
70.4 -85
70.5 -81
70.6 -82
70.7 -85
70.8 -80
70.9 -83
71.0 -85
71.1 -80
71.2 -86
71.3 -82
71.4 -83
71.5 -86
71.6 -82
71.7 -80
71.8 -85
71.9 -81
72.0 -86
72.1 -83
72.2 -80
72.3 -84
72.4 -83
72.5 -81
72.6 -88
72.7 -83
72.8 -83
72.9 -88
73.0 -82
73.1 -84
73.2 -84
73.3 -79
73.4 -83
73.5 -80
73.6 -81
73.7 -85
73.8 -82
73.9 -86
74.0 -85
74.1 -81
74.2 -84
74.3 -81
74.4 -79
74.5 -84
74.6 -81
74.7 -80
74.8 -84
74.9 -80
75.0 -85
75.1 -87
75.2 -81
75.3 -85
75.4 -83
75.5 -78
75.6 -84
75.7 -80
75.8 -79
75.9 -84
76.0 -81
