#Press Ctrl-C to quit...
#channel one minus channel two
0 -33
0.1 -20
0.2 -12
0.3 -41
0.4 -7
0.5 -22
0.6 -37
0.7 -3
0.8 -33
0.9 -26
1.0 -6
1.1 -40
1.2 -13
1.3 -14
1.4 -41
1.5 -6
1.6 -24
1.7 -35
1.8 -3
1.9 -34
2.0 -24
2.1 -5
2.2 -40
2.3 -13
2.4 -16
2.5 -40
2.6 -5
2.7 -27
2.8 -33
2.9 -3
3.0 -36
3.1 -21
3.2 -8
3.3 -41
3.4 -10
3.5 -20
3.6 -38
3.7 -3
3.8 -31
3.9 -28
4.0 -4
4.1 -39
4.2 -17
4.3 -12
4.4 -41
4.5 -7
4.6 -23
4.7 -37
4.8 -2
4.9 -33
5.0 -28
5.1 -3
5.2 -40
5.3 -23
5.4 -7
5.5 -41
5.6 -12
5.7 -17
5.8 -40
5.9 -4
6.0 -28
6.1 -32
6.2 -3
6.3 -37
6.4 -22
6.5 -7
6.6 -41
6.7 -13
6.8 -16
6.9 -40
7.0 -4
7.1 -28
7.2 -33
7.3 -2
7.4 -37
7.5 -20
7.6 -9
7.7 -42
7.8 -9
7.9 -20
8.0 -38
8.1 -3
8.2 -31
8.3 -29
8.4 -4
8.5 -39
8.6 -17
8.7 -11
8.8 -40
8.9 -7
9.0 -22
9.1 -36
9.2 -3
9.3 -34
9.4 -25
9.5 -6
9.6 -41
9.7 -13
9.8 -15
9.9 -41
10.0 -5
10.1 -24
10.2 -35
10.3 -2
10.4 -31
10.5 -27
10.6 -7
10.7 -41
10.8 -3
10.9 -36
11.0 -15
11.1 -18
11.2 -34
11.3 -3
11.4 -42
11.5 -6
11.6 -31
11.7 -23
11.8 -11
11.9 -40
12.0 -1
12.1 -39
12.2 -12
12.3 -22
12.4 -29
12.5 -6
12.6 -42
12.7 -2
12.8 -35
12.9 -16
13.0 -17
13.1 -36
13.2 0
13.3 -45
13.4 -4
13.5 -29
13.6 -25
13.7 -7
13.8 -47
13.9 2
14.0 -28
14.1 -38
14.2 9
14.3 -48
14.4 -19
14.5 2
14.6 -56
14.7 0
14.8 -19
14.9 -51
15.0 13
15.1 -38
15.2 -34
15.3 12
15.4 -54
15.5 -12
15.6 0
15.7 -60
15.8 7
15.9 -24
16.0 -50
16.1 18
16.2 -45
16.3 -30
16.4 14
16.5 -61
16.6 -5
16.7 -4
16.8 -66
16.9 2949
17.0 17879
17.1 15947
17.2 17377
17.3 20253
17.4 22812
17.5 23906
17.6 23668
17.7 22784
17.8 21677
17.9 20596
18.0 19546
18.1 18525
18.2 17632
18.3 16808
18.4 16040
18.5 15380
18.6 14725
18.7 14156
18.8 13667
18.9 13173
19.0 12749
19.1 12363
19.2 11969
19.3 11646
19.4 11326
19.5 11007
19.6 10750
19.7 10479
19.8 10227
19.9 10018
20.0 9775
20.1 9578
20.2 9400
20.3 9190
20.4 9036
20.5 8869
20.6 8689
20.7 8572
20.8 8403
20.9 8262
21.0 8153
21.1 7997
21.2 7881
21.3 7778
21.4 7633
21.5 7544
21.6 7432
21.7 7308
21.8 7239
21.9 7113
22.0 7016
22.1 6949
22.2 6825
22.3 6759
22.4 6682
22.5 6566
22.6 6520
22.7 6431
22.8 6342
22.9 6299
23.0 6197
23.1 6133
23.2 6086
23.3 5984
23.4 5944
23.5 5881
23.6 5795
23.7 5768
23.8 5692
23.9 5626
24.0 5601
24.1 5513
24.2 5473
24.3 5437
24.4 5353
24.5 5328
24.6 5274
24.7 5208
24.8 5196
24.9 5121
25.0 5075
25.1 5056
25.2 4981
25.3 4950
25.4 4921
25.5 4850
25.6 4837
25.7 4785
25.8 4727
25.9 4725
26.0 4656
26.1 4623
26.2 4609
26.3 4532
26.4 4518
26.5 4490
26.6 4422
26.7 4421
26.8 4368
26.9 4324
27.0 4321
27.1 4261
27.2 4235
27.3 4220
27.4 4154
27.5 4153
27.6 4115
27.7 4066
27.8 4069
27.9 4015
28.0 3986
28.1 3982
28.2 3918
28.3 3917
28.4 3891
28.5 3840
28.6 3849
28.7 3803
28.8 3774
28.9 3772
29.0 3711
29.1 3727
29.2 3670
29.3 3666
29.4 3640
29.5 3599
29.6 3612
29.7 3548
29.8 3566
29.9 3514
30.0 3509
30.1 3494
30.2 3449
30.3 3464
30.4 3406
30.5 3420
30.6 3379
30.7 3363
30.8 3359
30.9 3307
31.0 3337
31.1 3273
31.2 3290
31.3 3258
31.4 3231
31.5 3244
31.6 3190
31.7 3210
31.8 3163
31.9 3162
32.0 3159
32.1 3109
32.2 3125
32.3 3104
32.4 3066
32.5 3087
32.6 3048
32.7 3029
32.8 3046
32.9 2992
33.0 3004
33.1 2994
33.2 2946
33.3 2966
33.4 2934
33.5 2909
33.6 2931
33.7 2880
33.8 2883
33.9 2887
34.0 2838
34.1 2853
34.2 2838
34.3 2800
34.4 2827
34.5 2789
34.6 2774
34.7 2790
34.8 2744
34.9 2747
35.0 2753
35.1 2708
35.2 2725
35.3 2707
35.4 2675
35.5 2698
35.6 2665
35.7 2650
35.8 2669
35.9 2628
36.0 2627
36.1 2630
36.2 2588
36.3 2611
36.4 2589
36.5 2577
36.6 2548
36.7 2574
36.8 2540
36.9 2524
37.0 2547
37.1 2501
37.2 2510
37.3 2509
37.4 2469
37.5 2490
37.6 2467
37.7 2443
37.8 2468
37.9 2424
38.0 2440
38.1 2419
38.2 2402
38.3 2419
38.4 2373
38.5 2401
38.6 2365
38.7 2371
38.8 2369
38.9 2338
39.0 2364
39.1 2319
39.2 2330
39.3 2332
39.4 2296
39.5 2322
39.6 2298
39.7 2275
39.8 2303
39.9 2262
40.0 2265
40.1 2274
40.2 2235
40.3 2252
40.4 2247
40.5 2209
40.6 2237
40.7 2213
40.8 2187
40.9 2219
41.0 2180
41.1 2175
41.2 2197
41.3 2152
41.4 2165
41.5 2170
41.6 2127
41.7 2156
41.8 2136
41.9 2110
42.0 2139
42.1 2105
42.2 2098
42.3 2118
42.4 2076
42.5 2092
42.6 2096
42.7 2051
42.8 2075
42.9 2063
43.0 2033
43.1 2067
43.2 2032
43.3 2027
43.4 2049
43.5 2004
43.6 2021
43.7 2017
43.8 1983
43.9 2013
44.0 1990
44.1 1973
44.2 2000
44.3 1965
44.4 1967
44.5 1979
44.6 1938
44.7 1961
44.8 1953
44.9 1921
45.0 1946
45.1 1936
45.2 1905
45.3 1935
45.4 1906
45.5 1896
45.6 1919
45.7 1886
45.8 1884
45.9 1903
46.0 1859
46.1 1881
46.2 1881
46.3 1842
46.4 1873
46.5 1850
46.6 1834
46.7 1863
46.8 1826
46.9 1832
47.0 1837
47.1 1809
47.2 1836
47.3 1794
47.4 1818
47.5 1798
47.6 1790
47.7 1806
47.8 1768
47.9 1801
48.0 1761
48.1 1774
48.2 1782
48.3 1743
48.4 1774
48.5 1754
48.6 1733
48.7 1764
48.8 1729
48.9 1733
49.0 1746
49.1 1709
49.2 1728
49.3 1729
49.4 1693
49.5 1723
49.6 1706
49.7 1685
49.8 1714
49.9 1680
50.0 1680
50.1 1701
50.2 1659
50.3 1681
50.4 1681
50.5 1648
50.6 1679
50.7 1654
50.8 1642
50.9 1670
51.0 1631
51.1 1644
51.2 1652
51.3 1614
51.4 1647
51.5 1631
51.6 1605
51.7 1637
51.8 1606
51.9 1604
52.0 1628
52.1 1584
52.2 1607
52.3 1605
52.4 1574
52.5 1605
52.6 1577
52.7 1572
52.8 1599
52.9 1561
53.0 1570
53.1 1584
53.2 1544
53.3 1573
53.4 1562
53.5 1536
53.6 1569
53.7 1538
53.8 1539
53.9 1561
54.0 1521
54.1 1540
54.2 1541
54.3 1509
54.4 1540
54.5 1515
54.6 1505
54.7 1534
54.8 1497
54.9 1512
55.0 1521
55.1 1480
55.2 1510
55.3 1499
55.4 1473
55.5 1508
55.6 1482
55.7 1475
55.8 1501
55.9 1461
56.0 1480
56.1 1480
56.2 1453
56.3 1488
56.4 1442
56.5 1475
56.6 1448
56.7 1451
56.8 1463
56.9 1429
57.0 1468
57.1 1429
57.2 1451
57.3 1448
57.4 1417
57.5 1444
57.6 1427
57.7 1412
57.8 1446
57.9 1406
58.0 1416
58.1 1431
58.2 1393
58.3 1422
58.4 1408
58.5 1391
58.6 1422
58.7 1390
58.8 1390
58.9 1413
59.0 1372
59.1 1397
59.2 1394
59.3 1364
59.4 1398
59.5 1373
59.6 1361
59.7 1393
59.8 1357
59.9 1367
60.0 1382
60.1 1339
60.2 1370
60.3 1361
60.4 1337
60.5 1370
60.6 1344
60.7 1340
60.8 1361
60.9 1322
61.0 1342
61.1 1350
61.2 1313
61.3 1343
61.4 1334
61.5 1307
61.6 1342
61.7 1308
61.8 1312
61.9 1336
62.0 1292
62.1 1319
62.2 1319
62.3 1286
62.4 1321
62.5 1295
62.6 1287
62.7 1319
62.8 1278
62.9 1294
63.0 1303
63.1 1266
63.2 1299
63.3 1285
63.4 1265
63.5 1296
63.6 1264
63.7 1270
63.8 1290
63.9 1251
64.0 1276
64.1 1272
64.2 1243
64.3 1280
64.4 1279
64.5 1244
64.6 1245
64.7 1271
64.8 1227
64.9 1257
65.0 1249
65.1 1225
65.2 1265
65.3 1222
65.4 1246
65.5 1229
65.6 1225
65.7 1248
65.8 1208
65.9 1246
66.0 1204
66.1 1231
66.2 1224
66.3 1202
66.4 1236
66.5 1198
66.6 1212
66.7 1227
66.8 1188
66.9 1220
67.0 1206
67.1 1188
67.2 1222
67.3 1185
67.4 1194
67.5 1211
67.6 1169
67.7 1201
67.8 1202
67.9 1159
68.0 1195
68.1 1185
68.2 1163
68.3 1200
68.4 1166
68.5 1164
68.6 1192
68.7 1151
68.8 1170
68.9 1178
69.0 1143
69.1 1180
69.2 1159
69.3 1144
69.4 1178
69.5 1138
69.6 1152
69.7 1167
69.8 1126
69.9 1159
70.0 1147
70.1 1127
70.2 1165
