#Press Ctrl-C to quit...
#channel one minus channel two
0 -22
0.1 -30
0.2 -9
0.3 -35
0.4 -10
0.5 -27
0.6 -23
0.7 -15
0.8 -33
0.9 -8
1.0 -34
1.1 -15
1.2 -23
1.3 -27
1.4 -12
1.5 -35
1.6 -9
1.7 -32
1.8 -18
1.9 -20
2.0 -30
2.1 -10
2.2 -35
2.3 -11
2.4 -28
2.5 -22
2.6 -16
2.7 -33
2.8 -8
2.9 -34
3.0 -13
3.1 -24
3.2 -27
3.3 -11
3.4 -36
3.5 -15
3.6 -18
3.7 -34
3.8 -11
3.9 -25
4.0 -29
4.1 -8
4.2 -32
4.3 -22
4.4 -13
4.5 -35
4.6 -14
4.7 -20
4.8 -34
4.9 -9
5.0 -27
5.1 -28
5.2 -9
5.3 -31
5.4 -24
5.5 -11
5.6 -35
5.7 -16
5.8 -17
5.9 -34
6.0 -11
6.1 -24
6.2 -30
6.3 -9
6.4 -31
6.5 -23
6.6 -11
6.7 -35
6.8 -9
6.9 -31
7.0 -18
7.1 -18
7.2 -31
7.3 -8
7.4 -35
7.5 -13
7.6 -24
7.7 -26
7.8 -11
7.9 -35
8.0 -16
8.1 -18
8.2 -34
8.3 -10
8.4 -25
8.5 -30
8.6 -8
8.7 -31
8.8 -22
8.9 -12
9.0 -36
9.1 -15
9.2 -19
9.3 -35
9.4 -10
9.5 -24
9.6 -31
9.7 -8
9.8 -30
9.9 -25
10.0 -10
10.1 -34
10.2 -18
10.3 -16
10.4 -35
10.5 -14
10.6 -18
10.7 -35
10.8 -11
10.9 -25
11.0 -31
11.1 -8
11.2 -31
11.3 -23
11.4 -11
11.5 -35
11.6 -15
11.7 -18
11.8 -35
11.9 -9
12.0 -26
12.1 -29
12.2 -9
12.3 -33
12.4 -21
12.5 -13
12.6 -35
12.7 -14
12.8 -19
12.9 -34
13.0 -9
13.1 -27
13.2 -29
13.3 -9
13.4 -32
13.5 -21
13.6 -13
13.7 -36
13.8 -14
13.9 -20
14.0 -34
14.1 -9
14.2 -28
14.3 -29
14.4 -9
14.5 -32
14.6 -24
14.7 -12
14.8 -35
14.9 -15
15.0 -18
15.1 -34
15.2 -10
15.3 -25
15.4 -29
15.5 -9
15.6 -31
15.7 -24
15.8 -11
15.9 -35
16.0 -19
16.1 -16
16.2 -36
16.3 -12
16.4 -23
16.5 -31
16.6 -9
16.7 -31
16.8 -23
16.9 -11
17.0 -35
17.1 -17
17.2 -17
17.3 -35
17.4 -10
17.5 -26
17.6 -29
17.7 -9
17.8 -32
17.9 -22
18.0 -12
18.1 -36
18.2 -16
18.3 -18
18.4 -35
18.5 -11
18.6 -23
18.7 -31
18.8 -9
18.9 -29
19.0 -25
19.1 -10
19.2 -34
19.3 -20
19.4 -13
19.5 -35
19.6 -16
19.7 -17
19.8 -35
19.9 -11
20.0 -23
20.1 -31
20.2 -9
20.3 -31
20.4 -24
20.5 -10
20.6 -35
20.7 -18
20.8 -16
20.9 -35
21.0 -11
21.1 -23
21.2 -31
21.3 -8
21.4 -30
21.5 -25
21.6 -10
21.7 -35
21.8 -17
21.9 -16
22.0 -35
22.1 -11
22.2 -23
22.3 -31
22.4 -8
22.5 -31
22.6 -24
22.7 -11
22.8 -35
22.9 -16
23.0 -19
23.1 -35
23.2 -10
23.3 -25
23.4 -29
23.5 -9
23.6 -30
23.7 -25
23.8 -10
23.9 -35
24.0 -19
24.1 -15
24.2 -35
24.3 -14
24.4 -20
24.5 -35
24.6 -11
24.7 -23
24.8 -31
24.9 -9
25.0 -35
25.1 -13
25.2 -25
25.3 -25
25.4 -14
25.5 -35
25.6 -9
25.7 -31
25.8 -18
25.9 -18
26.0 -34
26.1 -10
26.2 -26
26.3 -30
26.4 -9
26.5 -33
26.6 -22
26.7 -11
26.8 -35
26.9 -17
27.0 -18
27.1 -35
27.2 -10
27.3 -25
27.4 -30
27.5 -8
27.6 -32
27.7 -22
27.8 -11
27.9 -37
28.0 -13
28.1 -19
28.2 -36
28.3 -6
28.4 -29
28.5 -30
28.6 -6
28.7 -35
28.8 -21
28.9 -11
29.0 -38
29.1 -12
29.2 -20
29.3 -36
29.4 -6
29.5 -29
29.6 -36
29.7 -6
29.8 -27
29.9 -32
30.0 -4
30.1 -33
30.2 -24
30.3 -6
30.4 -29
30.5 -16
30.6 -14
30.7 -40
30.8 -6
30.9 -23
31.0 -39
31.1 1
31.2 -35
31.3 -28
31.4 1
31.5 -44
31.6 -16
31.7 -9
31.8 -47
31.9 -3
32.0 -24
32.1 -41
32.2 6
32.3 -40
32.4 -170
32.5 2233
32.6 17832
32.7 15738
32.8 16113
32.9 17315
33.0 19316
33.1 20282
33.2 20231
33.3 19394
33.4 18180
33.5 16905
33.6 15687
33.7 14597
33.8 13670
33.9 12833
34.0 12135
34.1 11523
34.2 10965
34.3 10505
34.4 10051
34.5 9677
34.6 9323
34.7 8995
34.8 8727
34.9 8438
35.0 8218
35.1 7981
35.2 7760
35.3 7586
35.4 7384
35.5 7217
35.6 7075
35.7 6899
35.8 6772
35.9 6641
36.0 6493
36.1 6393
36.2 6269
36.3 6153
36.4 6067
36.5 5944
36.6 5851
36.7 5775
36.8 5659
36.9 5586
37.0 5504
37.1 5401
37.2 5346
37.3 5256
37.4 5171
37.5 5120
37.6 5028
37.7 4959
37.8 4904
37.9 4811
38.0 4761
38.1 4695
38.2 4615
38.3 4579
38.4 4504
38.5 4439
38.6 4404
38.7 4330
38.8 4274
38.9 4242
39.0 4164
39.1 4123
39.2 4082
39.3 4007
39.4 3983
39.5 3931
39.6 3867
39.7 3850
39.8 3785
39.9 3738
40.0 3720
40.1 3654
40.2 3624
40.3 3592
40.4 3533
40.5 3516
40.6 3474
40.7 3426
40.8 3417
40.9 3364
41.0 3336
41.1 3321
41.2 3261
41.3 3248
41.4 3224
41.5 3172
41.6 3166
41.7 3129
41.8 3088
41.9 3088
42.0 3041
42.1 3017
42.2 3012
42.3 2958
42.4 2952
42.5 2933
42.6 2892
42.7 2885
42.8 2869
42.9 2826
43.0 2829
43.1 2806
43.2 2764
43.3 2768
43.4 2736
43.5 2709
43.6 2691
43.7 2697
43.8 2656
43.9 2642
44.0 2641
44.1 2597
44.2 2603
44.3 2583
44.4 2550
44.5 2560
44.6 2524
44.7 2509
44.8 2512
44.9 2474
45.0 2472
45.1 2466
45.2 2426
45.3 2436
45.4 2414
45.5 2391
45.6 2403
45.7 2366
45.8 2360
45.9 2359
46.0 2320
46.1 2331
46.2 2315
46.3 2282
46.4 2294
46.5 2269
46.6 2247
46.7 2262
46.8 2230
46.9 2220
47.0 2226
47.1 2191
47.2 2196
47.3 2189
47.4 2156
47.5 2170
47.6 2150
47.7 2127
47.8 2144
47.9 2110
48.0 2106
48.1 2110
48.2 2077
48.3 2087
48.4 2079
48.5 2051
48.6 2068
48.7 2041
48.8 2028
48.9 2041
49.0 2011
49.1 2012
49.2 2015
49.3 1981
49.4 1998
49.5 1981
49.6 1955
49.7 1978
49.8 1945
49.9 1942
50.0 1951
50.1 1919
50.2 1928
50.3 1922
50.4 1892
50.5 1911
50.6 1890
50.7 1874
50.8 1887
50.9 1858
51.0 1862
51.1 1863
51.2 1833
51.3 1849
51.4 1838
51.5 1815
51.6 1832
51.7 1806
51.8 1803
51.9 1812
52.0 1781
52.1 1794
52.2 1789
52.3 1766
52.4 1787
52.5 1749
52.6 1767
52.7 1746
52.8 1742
52.9 1750
53.0 1718
53.1 1739
53.2 1718
53.3 1709
53.4 1727
53.5 1696
53.6 1699
53.7 1708
53.8 1674
53.9 1690
54.0 1681
54.1 1662
54.2 1681
54.3 1657
54.4 1651
54.5 1668
54.6 1635
54.7 1648
54.8 1644
54.9 1617
55.0 1641
55.1 1622
55.2 1610
55.3 1628
55.4 1597
55.5 1606
55.6 1612
55.7 1579
55.8 1597
55.9 1588
56.0 1566
56.1 1589
56.2 1564
56.3 1561
56.4 1577
56.5 1544
56.6 1555
56.7 1557
56.8 1529
56.9 1550
57.0 1536
57.1 1518
57.2 1540
57.3 1513
57.4 1513
57.5 1528
57.6 1494
57.7 1512
57.8 1507
57.9 1483
58.0 1505
58.1 1486
58.2 1475
58.3 1495
58.4 1463
58.5 1471
58.6 1479
58.7 1450
58.8 1470
58.9 1458
59.0 1441
59.1 1464
59.2 1436
59.3 1436
59.4 1449
59.5 1418
59.6 1431
59.7 1432
59.8 1405
59.9 1429
60.0 1408
60.1 1397
60.2 1419
60.3 1392
60.4 1391
60.5 1407
60.6 1378
60.7 1395
60.8 1392
60.9 1363
61.0 1387
61.1 1374
61.2 1354
61.3 1379
61.4 1351
61.5 1360
61.6 1356
61.7 1340
61.8 1361
61.9 1328
62.0 1351
62.1 1329
62.2 1326
62.3 1349
62.4 1312
62.5 1328
62.6 1331
62.7 1304
62.8 1328
62.9 1312
63.0 1299
63.1 1323
63.2 1297
63.3 1302
63.4 1313
63.5 1285
63.6 1302
63.7 1292
63.8 1273
63.9 1302
64.0 1278
64.1 1272
64.2 1294
64.3 1263
64.4 1271
64.5 1281
64.6 1250
64.7 1267
64.8 1271
64.9 1240
65.0 1266
65.1 1249
65.2 1242
65.3 1263
65.4 1230
65.5 1241
65.6 1249
65.7 1220
65.8 1242
65.9 1232
66.0 1219
66.1 1244
66.2 1216
66.3 1217
66.4 1235
66.5 1202
66.6 1199
66.7 1215
66.8 1219
66.9 1192
67.0 1212
67.1 1204
67.2 1186
67.3 1209
67.4 1188
67.5 1187
67.6 1205
67.7 1169
67.8 1191
67.9 1186
68.0 1161
68.1 1190
68.2 1167
68.3 1163
68.4 1181
68.5 1151
68.6 1167
68.7 1167
68.8 1143
68.9 1169
69.0 1150
69.1 1142
69.2 1163
69.3 1135
69.4 1148
69.5 1152
69.6 1123
69.7 1144
69.8 1134
69.9 1118
70.0 1146
70.1 1120
70.2 1121
70.3 1137
70.4 1107
70.5 1125
70.6 1125
70.7 1098
70.8 1122
70.9 1113
71.0 1097
71.1 1124
71.2 1097
71.3 1098
71.4 1117
71.5 1081
71.6 1105
71.7 1100
71.8 1080
71.9 1108
72.0 1082
72.1 1078
72.2 1099
72.3 1067
72.4 1082
72.5 1086
72.6 1061
72.7 1086
72.8 1066
72.9 1057
73.0 1080
73.1 1056
73.2 1061
73.3 1069
73.4 1044
73.5 1066
73.6 1058
73.7 1043
73.8 1067
73.9 1042
74.0 1047
74.1 1062
74.2 1031
74.3 1049
74.4 1050
74.5 1025
74.6 1051
74.7 1033
74.8 1025
74.9 1048
75.0 1021
75.1 1031
75.2 1042
75.3 1011
75.4 1037
75.5 1027
75.6 1009
75.7 1039
75.8 1021
75.9 1015
76.0 1032
76.1 1001
76.2 1021
76.3 1019
76.4 997
76.5 1022
76.6 999
76.7 999
76.8 1019
76.9 986
77.0 1003
77.1 1007
77.2 980
77.3 1005
77.4 991
77.5 979
77.6 1002
77.7 975
77.8 988
77.9 999
78.0 965
78.1 992
78.2 984
78.3 962
78.4 990
78.5 966
78.6 971
78.7 988
78.8 959
78.9 976
79.0 978
79.1 954
79.2 978
79.3 961
79.4 952
79.5 978
79.6 948
79.7 974
79.8 957
79.9 952
80.0 969
80.1 940
80.2 973
80.3 947
80.4 948
80.5 968
80.6 940
80.7 954
80.8 956
80.9 934
81.0 958
81.1 941
81.2 932
81.3 959
81.4 933
81.5 937
81.6 955
81.7 926
81.8 944
81.9 949
82.0 921
82.1 949
82.2 933
82.3 925
82.4 950
82.5 921
82.6 931
82.7 940
82.8 913
82.9 935
83.0 929
83.1 914
83.2 942
83.3 916
83.4 917
83.5 936
83.6 907
83.7 920
83.8 933
83.9 902
84.0 928
84.1 918
84.2 901
84.3 930
84.4 905
84.5 908
84.6 926
84.7 896
84.8 920
84.9 913
85.0 895
85.1 922
85.2 900
85.3 898
85.4 921
85.5 890
85.6 913
85.7 909
85.8 886
85.9 914
86.0 896
86.1 891
86.2 912
86.3 881
86.4 899
86.5 902
86.6 875
86.7 907
86.8 889
86.9 882
87.0 905
87.1 880
87.2 890
87.3 902
87.4 873
87.5 890
87.6 890
87.7 866
87.8 894
87.9 876
88.0 874
88.1 893
88.2 867
88.3 884
88.4 883
88.5 861
88.6 887
88.7 874
88.8 862
88.9 886
89.0 860
89.1 871
89.2 880
89.3 852
89.4 880
89.5 864
89.6 851
89.7 878
89.8 850
89.9 864
90.0 869
90.1 842
90.2 865
90.3 855
90.4 839
90.5 867
90.6 840
90.7 849
90.8 863
90.9 833
91.0 858
91.1 852
91.2 832
91.3 860
91.4 838
91.5 841
91.6 856
91.7 825
91.8 847
91.9 845
92.0 824
92.1 854
92.2 829
92.3 829
92.4 851
92.5 818
92.6 837
92.7 840
92.8 815
92.9 844
93.0 825
93.1 819
93.2 841
93.3 817
93.4 826
93.5 834
93.6 808
93.7 831
93.8 825
93.9 804
94.0 830
94.1 812
94.2 808
94.3 835
94.4 802
94.5 817
94.6 822
94.7 791
94.8 822
94.9 810
95.0 797
95.1 822
95.2 794
95.3 804
95.4 815
95.5 787
95.6 808
95.7 803
95.8 785
95.9 813
96.0 788
96.1 789
96.2 811
96.3 782
96.4 799
96.5 800
96.6 776
96.7 804
96.8 788
96.9 774
97.0 803
97.1 774
97.2 780
97.3 795
97.4 766
97.5 789
97.6 781
97.7 765
97.8 789
97.9 772
98.0 764
98.1 792
98.2 758
98.3 774
98.4 780
98.5 751
98.6 779
98.7 772
98.8 748
98.9 775
99.0 762
99.1 749
99.2 776
99.3 751
99.4 754
99.5 769
99.6 738
99.7 760
99.8 760
99.9 742
