#Press Ctrl-C to quit...
#channel 0 minus channel 1
0 -4094
0.1 -3705
0.2 -3632
0.3 -3649
0.4 -3731
0.5 -3708
0.6 -3718
0.7 -3482
0.8 -3632
0.9 -3613
1.0 -3664
1.1 -3576
1.2 -3481
1.3 -3587
1.4 -3511
1.5 -3470
1.6 -3356
1.7 -3379
1.8 -3383
1.9 -3428
2.0 -3425
2.1 -3270
2.2 -3399
2.3 -3418
2.4 -3349
2.5 -3319
2.6 -3229
2.7 -3331
2.8 -3284
2.9 -3239
3.0 -3224
3.1 -3084
3.2 -3125
3.3 -3205
3.4 -3208
3.5 -3173
3.6 -3099
3.7 -3047
3.8 -3154
3.9 -3075
4.0 -3063
4.1 -3090
4.2 -2984
4.3 -3007
4.4 -3064
4.5 -3000
4.6 -2944
4.7 -2943
4.8 -2992
4.9 -2976
5.0 -2906
5.1 -2892
5.2 -2871
5.3 -2815
5.4 -2918
5.5 -2911
5.6 -2761
5.7 -2889
5.8 -2808
5.9 -2768
6.0 -2870
6.1 -2765
6.2 -2765
6.3 -2716
6.4 -2757
6.5 -2810
6.6 -2718
6.7 -2659
6.8 -2653
6.9 -2607
7.0 -2712
7.1 -2698
7.2 -2596
7.3 -2662
7.4 -2627
7.5 -2650
7.6 -2716
7.7 -2653
7.8 -2590
7.9 -2628
8.0 -2562
8.1 -2641
8.2 -2646
8.3 -2587
8.4 -2606
8.5 -2485
8.6 -2530
8.7 -2604
8.8 -2476
8.9 -2540
9.0 -2598
9.1 -2454
9.2 -2603
9.3 -2501
9.4 -2486
9.5 -2492
9.6 -2481
9.7 -2541
9.8 -2491
9.9 -2376
10.0 -2317
10.1 -2481
10.2 -2520
10.3 -2393
10.4 -2452
10.5 -2284
10.6 -2432
10.7 -2403
10.8 -2237
10.9 -2355
11.0 -2325
11.1 -2443
11.2 -2350
11.3 -2305
11.4 -2140
11.5 -2129
11.6 -2243
11.7 -2184
11.8 -2071
11.9 -2261
12.0 -2260
12.1 -2297
12.2 -2301
12.3 -2199
12.4 -2286
12.5 -2236
12.6 -2282
12.7 -2334
12.8 -2138
12.9 -2286
13.0 -2252
13.1 -2144
13.2 -2303
13.3 -2230
13.4 -2154
13.5 -2207
13.6 -2138
13.7 -2220
13.8 -2261
13.9 -2089
14.0 -2154
14.1 -2100
14.2 -2140
14.3 -2219
14.4 -2098
14.5 -2026
14.6 -2100
14.7 -2088
14.8 -2117
14.9 -2148
15.0 -1998
15.1 -2060
15.2 -2058
15.3 -2011
15.4 -2058
15.5 -2021
15.6 -1946
15.7 -2041
15.8 -2000
15.9 -2035
16.0 -1996
16.1 -1923
16.2 -1996
16.3 -1904
16.4 -2013
16.5 -2020
16.6 -1808
16.7 -1939
16.8 -1975
16.9 -1837
17.0 -1990
17.1 -1837
17.2 -1748
17.3 -1942
17.4 -1852
17.5 -1934
17.6 -1855
17.7 -1807
17.8 -1903
17.9 -1806
18.0 -1920
18.1 -1848
18.2 -1759
18.3 -1848
18.4 -1853
18.5 -1797
18.6 -1823
18.7 -1752
18.8 -1737
18.9 -1853
19.0 -1772
19.1 -1757
19.2 -1834
19.3 -1731
19.4 -1785
19.5 -1795
19.6 -1748
19.7 -1768
19.8 -1690
19.9 -1798
20.0 -1821
20.1 -1741
20.2 -1773
20.3 -1690
20.4 -1644
20.5 -1830
20.6 -1736
20.7 -1622
20.8 -1729
20.9 -1687
21.0 -1770
21.1 -1743
21.2 -1666
21.3 -1730
21.4 -1651
21.5 -1731
21.6 -1755
21.7 -1633
21.8 -1746
21.9 -1682
22.0 -1722
22.1 -1778
22.2 -1738
22.3 -1694
22.4 -1794
22.5 -1708
22.6 -1844
22.7 -1892
22.8 -1783
22.9 -1823
23.0 -1774
23.1 -1846
23.2 -1849
23.3 -1804
23.4 -1840
23.5 -1802
23.6 -1811
23.7 -1913
23.8 -1911
23.9 -1769
24.0 -1858
24.1 -1794
24.2 -1783
24.3 -1900
24.4 -1748
24.5 -1736
24.6 -1816
24.7 -1857
24.8 -1877
24.9 -1773
25.0 -1755
25.1 -1782
25.2 -1758
25.3 -1871
25.4 -1854
25.5 -1720
25.6 -1852
25.7 -1779
25.8 -1831
25.9 -1926
26.0 -1809
26.1 -1863
26.2 -1948
26.3 -1956
26.4 -2172
26.5 -2179
26.6 -2031
26.7 -2147
26.8 -2111
26.9 -2232
27.0 -1950
27.1 -1989
27.2 -2231
27.3 -2156
27.4 -2303
27.5 -2229
27.6 -1947
27.7 -1813
27.8 -1935
27.9 -1922
28.0 -1824
28.1 -1837
28.2 -1869
28.3 -1886
28.4 -1895
28.5 -1789
28.6 -1689
28.7 -1833
28.8 -1819
28.9 -1877
29.0 -1754
29.1 -1803
29.2 -1835
29.3 -1865
29.4 -1717
29.5 -1711
29.6 -1647
29.7 -1718
29.8 -1758
29.9 -1509
30.0 -1671
30.1 -1713
30.2 -1678
30.3 -1698
30.4 -1724
30.5 -1633
30.6 -1896
30.7 -1900
30.8 -1790
30.9 -1956
31.0 -1760
31.1 -1722
31.2 -1644
31.3 -1618
31.4 -1780
31.5 -1652
31.6 -1649
31.7 -1762
31.8 -1715
31.9 -1856
32.0 -1815
32.1 -1648
32.2 -1714
32.3 -1791
32.4 -1744
32.5 -1775
32.6 -1654
32.7 -1706
32.8 -1882
32.9 -1682
33.0 -1805
33.1 -1700
33.2 -1629
33.3 -1817
33.4 -1620
33.5 -1752
33.6 -1777
33.7 -1540
33.8 -1754
33.9 -1715
34.0 -1628
34.1 -1739
34.2 -1577
34.3 -1659
34.4 -1751
34.5 -1636
34.6 -1752
34.7 -1557
34.8 -1554
34.9 -1772
35.0 -1608
35.1 -1656
35.2 -1675
35.3 -1485
35.4 -1714
35.5 -1651
35.6 -1564
35.7 -1653
35.8 -1512
35.9 -1636
36.0 -1646
36.1 -1520
36.2 -1580
36.3 -1618
36.4 -1574
36.5 -1690
36.6 -1492
36.7 -1498
36.8 -1655
36.9 -1486
37.0 -1595
37.1 -1529
37.2 -1374
37.3 -1645
37.4 -1537
37.5 -1419
37.6 -1549
37.7 -1396
37.8 -1527
37.9 -1547
38.0 -1432
38.1 -1531
38.2 -1420
38.3 -1544
38.4 -1575
38.5 -1335
38.6 -1467
38.7 -1381
38.8 -1276
38.9 -1535
39.0 -1352
39.1 -1357
39.2 -1531
39.3 -1309
39.4 -1472
39.5 -1512
39.6 -1319
39.7 -1752
39.8 -1579
39.9 -1426
40.0 -2045
40.1 -1428
40.2 -1468
40.3 32767
40.4 -1614
40.5 -2140
40.6 -1943
40.7 -1642
40.8 -1912
40.9 -1710
41.0 -1670
41.1 -1769
41.2 -1521
41.3 -1634
41.4 -1757
41.5 -1551
41.6 -1735
41.7 -1554
41.8 -1620
41.9 -1817
42.0 -1503
42.1 -1638
42.2 -1650
42.3 -1421
42.4 -1767
42.5 -1607
42.6 -1373
42.7 -1714
42.8 -1494
42.9 -1534
43.0 -1695
43.1 -1399
43.2 -1579
43.3 -1524
43.4 -1445
43.5 -1699
43.6 -1414
43.7 -1482
43.8 -1576
43.9 -1348
44.0 -1550
44.1 -1569
44.2 -1312
44.3 -1552
44.4 -1397
44.5 -1409
44.6 -1644
44.7 -1306
44.8 -1378
44.9 -1481
45.0 -1323
45.1 -1475
45.2 -1262
45.3 -1296
45.4 -1576
45.5 -1308
45.6 -1567
45.7 -1333
45.8 -1295
45.9 -1464
46.0 -1328
46.1 -1536
46.2 -1093
46.3 -1488
46.4 -1256
46.5 -1397
46.6 -1326
46.7 -1211
46.8 -1455
46.9 -1215
47.0 -1471
47.1 -1224
47.2 -1234
47.3 -1323
47.4 -1235
47.5 -1389
47.6 -1119
47.7 -1344
47.8 -1249
47.9 -1152
48.0 -1344
48.1 -1078
48.2 -1213
48.3 -1345
48.4 -1081
48.5 -1306
48.6 -1057
48.7 -1057
48.8 -1335
48.9 -985
49.0 -1262
49.1 -1248
49.2 -994
49.3 -1307
49.4 -1148
49.5 -1112
49.6 -1216
49.7 -765
49.8 -395
49.9 -174
50.0 -65
50.1 -148
50.2 48
50.3 104
50.4 -49
50.5 151
50.6 107
50.7 98
50.8 257
50.9 0
51.0 93
51.1 287
51.2 98
51.3 301
51.4 233
51.5 118
51.6 281
51.7 180
51.8 263
51.9 185
52.0 96
52.1 342
52.2 236
52.3 218
52.4 406
52.5 118
52.6 268
52.7 394
52.8 150
52.9 354
53.0 290
53.1 189
53.2 439
53.3 249
53.4 301
53.5 362
53.6 178
53.7 351
53.8 398
53.9 294
54.0 423
54.1 319
54.2 328
54.3 525
54.4 202
54.5 339
54.6 414
54.7 322
54.8 561
54.9 456
55.0 288
55.1 587
55.2 401
55.3 421
55.4 591
55.5 346
55.6 485
55.7 563
55.8 408
55.9 598
56.0 459
56.1 449
56.2 646
56.3 433
56.4 575
56.5 562
56.6 397
56.7 655
56.8 624
56.9 433
57.0 648
57.1 557
57.2 540
57.3 697
57.4 503
57.5 581
57.6 651
57.7 587
57.8 868
57.9 859
58.0 817
58.1 899
58.2 660
58.3 699
58.4 681
58.5 409
58.6 436
58.7 534
58.8 490
58.9 943
59.0 732
59.1 772
59.2 904
59.3 804
59.4 754
59.5 591
59.6 439
59.7 341
59.8 330
59.9 164
60.0 -83
60.1 -120
60.2 2
60.3 -65
60.4 -87
60.5 -31
60.6 -120
60.7 -59
60.8 -82
60.9 -110
61.0 -116
61.1 -142
61.2 -104
61.3 -73
61.4 -32
61.5 -112
61.6 -74
61.7 -127
61.8 -117
61.9 -86
62.0 -99
62.1 -135
62.2 -152
62.3 -142
62.4 -8
62.5 -84
62.6 -162
62.7 -71
62.8 -139
62.9 -68
63.0 28
63.1 -117
63.2 -86
63.3 -112
63.4 -47
63.5 -111
63.6 -172
63.7 -141
63.8 -89
63.9 -49
64.0 -120
64.1 -160
64.2 -35
64.3 -37
64.4 -19
64.5 -125
64.6 -92
64.7 -64
64.8 47
64.9 -62
65.0 -116
65.1 40
65.2 29
65.3 62
65.4 12
65.5 11
65.6 76
65.7 190
65.8 205
65.9 118
66.0 189
66.1 185
66.2 165
66.3 285
66.4 155
66.5 131
66.6 240
66.7 231
66.8 229
66.9 204
67.0 176
67.1 190
67.2 245
67.3 292
67.4 205
67.5 178
67.6 202
67.7 257
67.8 265
67.9 253
68.0 231
68.1 184
68.2 173
68.3 331
68.4 250
68.5 262
68.6 236
68.7 221
68.8 376
68.9 285
69.0 210
69.1 231
69.2 256
69.3 330
69.4 318
69.5 271
69.6 289
69.7 243
69.8 418
69.9 359
70.0 234
70.1 332
70.2 220
70.3 229
70.4 291
70.5 182
70.6 137
70.7 165
70.8 157
70.9 163
71.0 156
71.1 184
71.2 128
71.3 151
71.4 230
71.5 127
71.6 131
71.7 129
71.8 194
71.9 201
72.0 237
72.1 176
72.2 159
72.3 265
72.4 348
72.5 373
72.6 231
72.7 295
72.8 383
72.9 423
73.0 401
73.1 370
73.2 353
73.3 383
73.4 483
73.5 448
73.6 334
73.7 339
73.8 462
73.9 415
74.0 386
74.1 397
74.2 381
74.3 497
74.4 421
74.5 425
74.6 363
74.7 373
74.8 537
74.9 442
75.0 450
75.1 466
75.2 457
75.3 439
75.4 454
75.5 481
75.6 417
75.7 382
75.8 391
75.9 390
76.0 390
76.1 366
76.2 281
76.3 351
76.4 356
76.5 330
76.6 328
76.7 332
76.8 344
76.9 405
77.0 409
77.1 324
77.2 301
77.3 435
77.4 409
77.5 394
77.6 417
77.7 332
77.8 338
77.9 435
78.0 373
78.1 340
78.2 344
78.3 441
78.4 421
78.5 405
78.6 445
78.7 339
78.8 394
78.9 455
79.0 404
79.1 336
79.2 353
79.3 392
79.4 424
79.5 378
79.6 362
79.7 357
79.8 393
79.9 453
80.0 361
80.1 380
80.2 398
80.3 418
80.4 496
80.5 490
80.6 413
80.7 390
80.8 415
80.9 415
81.0 472
81.1 479
81.2 433
81.3 440
81.4 561
81.5 494
81.6 432
81.7 353
81.8 459
81.9 504
82.0 502
82.1 473
82.2 467
82.3 523
82.4 577
82.5 512
82.6 421
82.7 507
82.8 555
82.9 579
83.0 545
83.1 482
83.2 574
83.3 692
83.4 584
83.5 553
83.6 515
83.7 631
83.8 629
83.9 583
84.0 619
84.1 610
84.2 765
84.3 688
84.4 627
84.5 744
84.6 720
84.7 844
84.8 939
84.9 819
85.0 806
85.1 792
85.2 797
85.3 817
85.4 879
85.5 825
85.6 692
85.7 699
85.8 790
85.9 688
86.0 675
86.1 756
86.2 738
86.3 737
86.4 609
86.5 621
86.6 655
86.7 684
86.8 640
86.9 600
87.0 645
87.1 527
87.2 631
87.3 752
87.4 729
87.5 679
87.6 638
87.7 669
87.8 642
87.9 777
88.0 777
88.1 698
88.2 730
88.3 882
88.4 756
88.5 663
88.6 662
88.7 617
88.8 753
88.9 658
89.0 652
89.1 742
89.2 698
89.3 812
89.4 723
89.5 631
89.6 712
89.7 739
89.8 683
89.9 728
90.0 631
90.1 652
90.2 653
90.3 678
90.4 711
90.5 752
90.6 666
90.7 590
90.8 625
90.9 596
91.0 668
91.1 760
91.2 728
91.3 720
91.4 675
91.5 761
91.6 739
91.7 639
91.8 734
91.9 639
92.0 625
92.1 725
92.2 583
92.3 544
92.4 569
92.5 555
92.6 618
92.7 620
92.8 563
92.9 688
93.0 703
93.1 829
93.2 755
93.3 615
93.4 623
93.5 583
93.6 658
93.7 678
93.8 609
93.9 599
94.0 605
94.1 651
94.2 671
94.3 644
94.4 581
94.5 572
94.6 724
94.7 660
94.8 626
94.9 618
95.0 638
95.1 657
95.2 623
95.3 605
95.4 562
95.5 583
95.6 723
95.7 632
95.8 609
95.9 668
96.0 561
96.1 629
96.2 652
96.3 589
96.4 571
96.5 555
96.6 620
96.7 627
96.8 616
96.9 661
97.0 562
97.1 591
97.2 624
97.3 641
97.4 609
97.5 663
97.6 590
97.7 662
97.8 658
97.9 608
98.0 587
98.1 618
98.2 672
98.3 692
98.4 737
98.5 620
98.6 614
98.7 684
98.8 690
98.9 820
99.0 792
99.1 810
99.2 795
99.3 824
99.4 896
99.5 718
99.6 691
99.7 786
99.8 820
99.9 622
100.0 626
100.1 680
100.2 664
100.3 600
100.4 624
100.5 510
100.6 572
100.7 566
100.8 551
100.9 472
101.0 561
101.1 544
101.2 532
101.3 454
101.4 448
101.5 450
101.6 504
101.7 465
101.8 517
101.9 439
102.0 459
102.1 503
102.2 554
102.3 440
102.4 455
102.5 474
102.6 611
102.7 641
102.8 660
102.9 667
103.0 634
103.1 750
103.2 783
103.3 713
103.4 661
103.5 571
103.6 601
103.7 689
103.8 593
103.9 596
104.0 862
104.1 975
104.2 832
104.3 691
104.4 700
104.5 665
104.6 729
104.7 822
104.8 744
104.9 660
105.0 772
105.1 774
105.2 706
105.3 780
105.4 686
105.5 691
105.6 705
105.7 720
105.8 733
105.9 669
106.0 763
106.1 660
106.2 627
106.3 813
106.4 694
106.5 643
106.6 672
106.7 734
106.8 729
106.9 722
107.0 644
107.1 631
107.2 704
107.3 724
107.4 730
107.5 707
107.6 659
107.7 701
107.8 805
107.9 688
108.0 681
108.1 642
108.2 748
108.3 771
108.4 689
108.5 741
108.6 675
108.7 686
108.8 814
108.9 773
109.0 661
109.1 704
109.2 668
109.3 725
109.4 605
109.5 590
109.6 779
109.7 681
109.8 668
109.9 711
110.0 938
110.1 883
110.2 888
110.3 925
110.4 702
110.5 1266
110.6 1196
110.7 1677
110.8 1715
110.9 1855
111.0 2222
111.1 2033
111.2 2255
111.3 2056
111.4 2022
111.5 2254
111.6 2043
111.7 2248
111.8 2340
111.9 2106
112.0 2404
112.1 2357
112.2 2195
112.3 2354
112.4 2119
112.5 2155
112.6 2233
112.7 2108
112.8 2147
112.9 2158
113.0 1934
113.1 2201
113.2 2135
113.3 1981
113.4 2150
113.5 1921
113.6 2012
113.7 2152
113.8 1915
113.9 2149
114.0 2035
114.1 1911
114.2 2300
114.3 1975
114.4 1959
114.5 2156
114.6 1917
114.7 2184
114.8 2138
114.9 1936
115.0 2184
115.1 1981
115.2 2133
115.3 2202
115.4 1906
115.5 2207
115.6 2125
115.7 1988
115.8 2277
115.9 2076
116.0 2051
116.1 2202
116.2 1996
116.3 2250
116.4 2450
116.5 2212
116.6 1968
116.7 1773
116.8 1520
116.9 1062
117.0 1404
117.1 1036
117.2 958
117.3 1121
117.4 545
117.5 698
117.6 629
117.7 273
117.8 807
117.9 445
118.0 704
118.1 716
118.2 375
118.3 434
118.4 681
118.5 295
118.6 676
118.7 626
118.8 267
118.9 661
119.0 360
119.1 517
119.2 698
119.3 219
119.4 522
119.5 559
119.6 358
119.7 671
119.8 478
119.9 237
120.0 659
120.1 380
120.2 319
120.3 596
120.4 149
120.5 414
120.6 554
120.7 189
120.8 577
120.9 509
121.0 464
121.1 588
121.2 642
121.3 652
121.4 685
121.5 577
121.6 638
121.7 695
121.8 643
121.9 731
122.0 607
122.1 590
122.2 696
122.3 669
122.4 639
122.5 605
122.6 581
122.7 644
122.8 661
122.9 725
123.0 599
123.1 552
123.2 678
123.3 598
123.4 579
123.5 587
123.6 436
123.7 153
123.8 679
123.9 570
124.0 426
124.1 588
124.2 552
124.3 535
124.4 653
124.5 598
124.6 645
124.7 658
124.8 603
124.9 689
125.0 678
125.1 565
125.2 624
125.3 610
125.4 700
125.5 708
125.6 550
125.7 717
125.8 641
125.9 529
126.0 899
126.1 300
126.2 641
126.3 889
126.4 -1016
126.5 11451
126.6 1143
126.7 -1332
126.8 27750
126.9 -5367
127.0 15380
127.1 21588
127.2 8595
127.3 12924
127.4 10149
127.5 11104
127.6 10719
127.7 10257
127.8 11127
127.9 9668
128.0 11021
128.1 9813
128.2 10558
128.3 10349
128.4 9790
128.5 10595
128.6 9459
128.7 10754
128.8 9658
128.9 10177
129.0 10271
129.1 9902
129.2 10624
129.3 9460
129.4 10182
129.5 10153
129.6 9431
129.7 10306
129.8 9581
129.9 9434
130.0 10082
130.1 9170
130.2 9674
130.3 9752
130.4 8992
130.5 9768
130.6 9336
130.7 9153
130.8 9543
130.9 9032
131.0 9213
131.1 9269
131.2 8944
131.3 9382
131.4 9019
131.5 8858
131.6 9197
131.7 8736
131.8 9020
131.9 9100
132.0 8600
132.1 9024
132.2 8815
132.3 8673
132.4 9009
132.5 8461
132.6 8685
132.7 8796
132.8 8403
132.9 8763
133.0 8462
133.1 8219
133.2 8682
133.3 8188
133.4 8328
133.5 8553
133.6 7854
133.7 8568
133.8 8372
133.9 7867
134.0 8784
134.1 8008
134.2 7912
134.3 8562
134.4 7742
134.5 7912
134.6 7971
134.7 7921
134.8 7870
134.9 7938
135.0 8007
135.1 7831
135.2 7770
135.3 7713
135.4 7815
135.5 7738
135.6 7735
135.7 7778
135.8 7608
135.9 7687
136.0 7676
136.1 0
136.2 0
136.3 0
136.4 0
136.5 0
136.6 0
136.7 0
136.8 0
136.9 0
137.0 0
137.1 3
137.2 5381
137.3 6433
137.4 6259
137.5 6285
137.6 31559
137.7 -1
137.8 -2
137.9 1
138.0 -4
138.1 1
138.2 2
138.3 -13
138.4 3
138.5 -13
138.6 -32
138.7 23
138.8 -57
138.9 2
139.0 32
139.1 -99
139.2 46
139.3 -28
139.4 -78
139.5 85
139.6 -62
139.7 18
139.8 121
139.9 -40
140.0 116
140.1 95
140.2 -55
140.3 195
140.4 23
140.5 33
140.6 253
140.7 -37
140.8 193
140.9 203
141.0 -33
141.1 285
141.2 140
141.3 25
141.4 362
141.5 76
141.6 123
141.7 418
141.8 5
141.9 356
142.0 338
142.1 403
142.2 392
142.3 419
142.4 446
142.5 452
142.6 369
142.7 419
142.8 616
142.9 191
143.0 572
143.1 531
143.2 121
143.3 689
143.4 317
143.5 365
143.6 775
143.7 331
143.8 737
143.9 737
144.0 313
144.1 869
144.2 487
144.3 448
144.4 965
144.5 414
144.6 745
144.7 955
144.8 331
144.9 962
145.0 644
145.1 468
145.2 2204
145.3 2095
145.4 2046
145.5 0
145.6 3805
145.7 1
145.8 -3
145.9 1
146.0 1290
146.1 1977
146.2 1594
146.3 1564
146.4 1592
146.5 1555
146.6 1684
146.7 1671
146.8 1586
146.9 1566
147.0 1618
147.1 1730
147.2 1772
147.3 1783
147.4 1782
147.5 1819
147.6 1914
147.7 1903
147.8 1827
147.9 1909
148.0 1846
148.1 1931
148.2 2011
148.3 1864
148.4 1872
148.5 1872
148.6 1955
148.7 1923
148.8 1874
148.9 1889
149.0 1876
149.1 1856
149.2 2024
149.3 1907
149.4 1842
149.5 2034
149.6 1829
149.7 1908
149.8 1994
149.9 1875
150.0 1916
150.1 1855
150.2 1840
150.3 1977
150.4 1952
150.5 1914
150.6 1875
150.7 1895
150.8 1980
150.9 1968
151.0 1879
151.1 1919
151.2 1901
151.3 2004
151.4 1968
151.5 1861
151.6 1896
151.7 1939
151.8 1954
151.9 1959
152.0 1968
152.1 1874
152.2 1939
152.3 1990
152.4 1957
152.5 1968
152.6 1887
152.7 1903
152.8 1969
152.9 1956
153.0 2028
153.1 1910
153.2 1866
153.3 2033
153.4 1937
153.5 1965
153.6 2008
153.7 1908
153.8 1996
153.9 1980
154.0 1976
154.1 1930
154.2 1851
154.3 1992
154.4 2305
154.5 2074
154.6 2263
154.7 1852
154.8 2392
154.9 1814
155.0 2037
155.1 1961
155.2 1935
155.3 2163
155.4 1794
155.5 2202
155.6 1721
155.7 2137
155.8 1942
155.9 1766
156.0 2156
156.1 1647
156.2 2291
156.3 1628
156.4 1972
156.5 2075
156.6 1688
156.7 2321
156.8 1849
156.9 1630
157.0 2275
157.1 1490
157.2 1977
157.3 2218
157.4 1430
157.5 2179
157.6 1878
157.7 1520
157.8 2400
157.9 1521
158.0 1759
158.1 1782
158.2 2153
158.3 1400
158.4 1967
158.5 2001
158.6 1523
158.7 2174
158.8 1605
158.9 1719
159.0 2241
159.1 1445
159.2 2018
159.3 1997
159.4 1468
159.5 2241
159.6 1747
159.7 1618
159.8 2143
159.9 1473
160.0 1997
160.1 2080
160.2 1378
160.3 2188
160.4 1801
160.5 1368
160.6 2520
160.7 1315
160.8 1385
160.9 1915
161.0 1694
161.1 1877
161.2 1987
161.3 1723
161.4 1918
161.5 1748
161.6 1732
161.7 1928
161.8 1712
161.9 1714
162.0 1822
162.1 1711
162.2 1870
162.3 631
162.4 1516
162.5 2033
162.6 1205
162.7 2047
162.8 1875
162.9 1331
163.0 2158
163.1 1756
163.2 1778
163.3 2115
163.4 1714
163.5 2068
163.6 2171
163.7 1852
163.8 2156
163.9 1819
164.0 2227
164.1 2001
164.2 2051
164.3 2059
164.4 1738
164.5 2323
164.6 1843
164.7 2085
164.8 2020
164.9 2033
165.0 2222
165.1 2120
165.2 2350
165.3 2058
165.4 2293
165.5 2198
165.6 1945
165.7 2247
165.8 2025
165.9 2043
166.0 2306
166.1 1912
166.2 2042
166.3 2149
166.4 1953
166.5 2304
166.6 2174
166.7 2091
166.8 2339
166.9 1902
167.0 2183
167.1 2022
167.2 1778
167.3 1967
167.4 2119
167.5 1974
167.6 2057
167.7 1991
167.8 1913
167.9 2057
168.0 1900
168.1 2088
168.2 2149
168.3 1965
168.4 2093
168.5 1997
168.6 1784
168.7 2055
168.8 1997
168.9 1945
169.0 2133
169.1 1835
169.2 2120
169.3 2107
169.4 2149
169.5 2278
169.6 2010
169.7 1974
169.8 2066
169.9 1963
170.0 2050
170.1 1982
170.2 1893
170.3 2006
170.4 1964
170.5 2056
170.6 2020
170.7 2039
170.8 2259
170.9 2174
171.0 2223
171.1 2213
171.2 2055
171.3 1972
171.4 2162
171.5 2289
171.6 2340
171.7 2313
171.8 2282
171.9 2282
172.0 2312
172.1 2371
172.2 2285
172.3 2217
172.4 2223
172.5 2335
172.6 2280
172.7 2188
172.8 2149
172.9 2101
173.0 2173
173.1 2147
173.2 2011
173.3 2110
173.4 2066
173.5 2109
173.6 2195
173.7 2067
173.8 2140
173.9 2084
174.0 2049
174.1 2040
174.2 1863
174.3 1992
174.4 1926
174.5 1882
174.6 2038
174.7 1834
174.8 1804
174.9 1973
175.0 1870
175.1 1901
175.2 1965
175.3 1870
175.4 1936
175.5 1920
175.6 1979
175.7 2001
175.8 1829
175.9 1940
176.0 1871
176.1 1954
176.2 2037
176.3 1963
176.4 1897
176.5 2053
176.6 1945
176.7 2012
176.8 2068
176.9 1795
177.0 1959
177.1 2000
177.2 1928
177.3 2068
177.4 1994
177.5 1917
177.6 2024
177.7 1917
177.8 7299
177.9 2044
178.0 1912
178.1 2059
178.2 1971
178.3 1864
178.4 2123
178.5 1829
178.6 1784
178.7 1964
178.8 1733
178.9 1949
179.0 1923
179.1 1758
179.2 1992
179.3 1898
179.4 2053
179.5 2098
179.6 1833
179.7 2128
179.8 2076
179.9 1966
180.0 2223
180.1 2026
180.2 1998
180.3 2183
180.4 1993
180.5 2090
180.6 2133
180.7 2031
180.8 2146
180.9 2109
181.0 2103
181.1 2239
181.2 2077
181.3 2014
181.4 2180
181.5 2092
181.6 2178
181.7 2283
181.8 2051
181.9 2047
182.0 2172
182.1 2051
182.2 2238
182.3 1908
182.4 2082
182.5 2227
182.6 2103
182.7 2148
182.8 1961
182.9 2186
183.0 2087
183.1 2246
183.2 2075
183.3 2008
183.4 2275
183.5 2038
183.6 2240
183.7 2207
183.8 2043
183.9 2247
184.0 2144
184.1 2281
184.2 2204
184.3 2023
184.4 2149
184.5 2213
184.6 2107
184.7 2347
184.8 2075
184.9 2075
185.0 2346
185.1 2066
185.2 2218
185.3 2189
185.4 2100
185.5 2286
185.6 2176
185.7 2155
185.8 2230
185.9 2046
186.0 2189
186.1 2272
186.2 2093
186.3 2275
186.4 2220
186.5 2038
186.6 2226
186.7 2228
186.8 2143
186.9 2276
187.0 2119
187.1 2116
187.2 2321
187.3 2145
187.4 2227
187.5 2214
187.6 2058
187.7 2241
187.8 2213
187.9 2189
188.0 2310
188.1 2072
188.2 2169
188.3 2304
188.4 2104
188.5 2311
188.6 2156
188.7 2014
188.8 2414
188.9 2150
189.0 2182
189.1 2293
189.2 2028
189.3 2263
189.4 2256
189.5 2119
189.6 2217
189.7 2200
189.8 2232
189.9 2466
190.0 2158
190.1 2300
190.2 2296
190.3 2181
190.4 2359
190.5 2291
190.6 2204
190.7 2356
190.8 2082
190.9 2310
191.0 2294
191.1 2168
191.2 2304
191.3 2190
191.4 2166
191.5 2355
191.6 2229
191.7 2211
191.8 2327
191.9 2226
192.0 2314
192.1 2260
192.2 2129
192.3 2293
192.4 2294
192.5 2235
192.6 2406
192.7 2133
192.8 2225
192.9 2401
193.0 2200
193.1 2387
193.2 2135
193.3 2187
193.4 2362
193.5 2190
193.6 2396
193.7 2302
193.8 2131
193.9 2426
194.0 2272
194.1 9870
194.2 10660
194.3 10144
194.4 9816
194.5 10741
194.6 9838
194.7 10277
194.8 10615
194.9 9757
195.0 10606
195.1 10303
195.2 9901
195.3 10704
195.4 2116
195.5 2339
195.6 2317
195.7 2243
195.8 2357
195.9 2154
196.0 2232
196.1 2382
196.2 2199
196.3 2327
196.4 2303
196.5 2143
196.6 2382
196.7 2299
196.8 2268
196.9 2374
197.0 2178
197.1 2241
197.2 2373
197.3 2191
197.4 2448
197.5 2356
197.6 2128
197.7 2459
197.8 2310
197.9 2221
198.0 2362
198.1 2111
198.2 2280
198.3 2337
198.4 2257
198.5 2356
198.6 2170
198.7 2250
198.8 2353
198.9 2204
199.0 2344
199.1 2030
199.2 2114
199.3 2403
199.4 2226
199.5 2186
199.6 2319
199.7 2066
199.8 2167
199.9 2320
200.0 2010
200.1 2256
200.2 2284
200.3 2133
200.4 2376
200.5 2140
200.6 2250
200.7 2156
200.8 2217
200.9 2303
201.0 2256
201.1 2297
201.2 2100
201.3 2289
201.4 2230
201.5 2221
201.6 2223
201.7 2054
201.8 2366
201.9 2257
202.0 2217
202.1 2291
202.2 2080
202.3 2162
202.4 2295
202.5 2227
202.6 2249
202.7 2131
202.8 2151
202.9 2332
203.0 2096
203.1 2177
203.2 2200
203.3 2029
203.4 2296
203.5 2224
203.6 2112
203.7 2275
203.8 2116
203.9 2120
204.0 2300
204.1 2072
204.2 2200
204.3 2233
204.4 2037
204.5 2327
204.6 2184
204.7 2136
204.8 2244
204.9 2017
205.0 2281
205.1 2252
205.2 2132
205.3 2275
205.4 2152
205.5 2171
205.6 2295
205.7 2168
205.8 2152
205.9 2124
206.0 2170
206.1 2255
206.2 2161
206.3 2220
206.4 2203
206.5 2158
206.6 2356
206.7 2169
206.8 2057
206.9 2239
207.0 2180
207.1 2200
207.2 2214
207.3 2097
207.4 2193
207.5 2236
207.6 2178
207.7 2217
207.8 2197
207.9 2143
208.0 2240
208.1 2227
208.2 2323
208.3 2194
208.4 2171
208.5 2292
208.6 2179
208.7 2169
208.8 2288
208.9 2181
209.0 2368
209.1 2295
209.2 2153
209.3 2267
209.4 2273
209.5 2198
209.6 2252
209.7 2172
209.8 2263
209.9 2293
210.0 2225
210.1 2335
210.2 2179
210.3 2179
210.4 2344
210.5 2227
210.6 2247
210.7 2290
210.8 2213
210.9 2331
211.0 2267
211.1 2217
211.2 2243
211.3 2232
211.4 2314
211.5 2285
211.6 2255
211.7 2266
211.8 2244
211.9 2302
212.0 2340
212.1 2183
212.2 2254
212.3 2303
212.4 2254
212.5 2298
212.6 2280
212.7 2225
212.8 2321
212.9 2382
213.0 2255
213.1 2193
213.2 2238
213.3 2356
213.4 2286
213.5 2273
213.6 2307
213.7 2287
213.8 2225
213.9 2338
214.0 2305
214.1 2260
214.2 2378
214.3 2205
214.4 2266
214.5 2375
214.6 2219
214.7 2345
214.8 2240
214.9 2267
215.0 2353
215.1 2194
215.2 2321
215.3 2283
215.4 2249
215.5 2400
215.6 2339
215.7 2200
215.8 2255
215.9 2294
216.0 2312
216.1 2276
216.2 2237
216.3 2309
216.4 2351
216.5 2376
216.6 2262
216.7 2288
216.8 2253
216.9 2342
217.0 2333
217.1 2289
217.2 2265
217.3 2252
217.4 2397
217.5 2274
217.6 2187
217.7 2362
217.8 2243
217.9 2347
218.0 2393
218.1 2084
218.2 2307
218.3 2309
218.4 2229
218.5 2305
218.6 2345
218.7 2293
218.8 2342
218.9 2263
219.0 2321
219.1 2379
219.2 2275
219.3 2345
219.4 2279
219.5 2261
219.6 2465
219.7 2315
219.8 2272
219.9 2370
220.0 2271
220.1 2374
220.2 2319
220.3 2245
220.4 2319
220.5 2283
220.6 2410
220.7 2401
220.8 2221
220.9 2404
221.0 2316
221.1 2289
221.2 2384
221.3 2247
221.4 2296
221.5 2351
221.6 2302
221.7 2397
221.8 2295
221.9 2304
222.0 2327
222.1 2321
222.2 2319
222.3 2366
222.4 2284
222.5 2322
222.6 2381
222.7 2313
222.8 2396
222.9 2285
223.0 2250
223.1 2416
223.2 2377
223.3 2354
223.4 2402
223.5 2233
223.6 2350
223.7 2415
223.8 2337
223.9 2348
224.0 2284
224.1 2335
224.2 2399
224.3 2321
224.4 2412
224.5 2325
224.6 2266
224.7 2502
224.8 2338
224.9 2250
225.0 2389
225.1 2271
225.2 2405
225.3 2399
225.4 2327
225.5 2365
225.6 2297
225.7 2416
225.8 2334
225.9 2301
226.0 2370
226.1 2331
226.2 2296
226.3 2420
226.4 2380
226.5 2299
226.6 2333
226.7 2219
226.8 2385
226.9 2441
227.0 2303
227.1 2323
227.2 2229
227.3 2345
227.4 2427
227.5 2337
227.6 2238
227.7 2359
227.8 2342
227.9 2411
228.0 2372
228.1 2298
228.2 2466
228.3 2359
228.4 2340
228.5 2433
228.6 2277
228.7 2329
228.8 2408
228.9 2362
229.0 2446
229.1 2312
229.2 2318
229.3 2343
229.4 2318
229.5 2477
229.6 2360
229.7 2273
229.8 2412
229.9 2350
230.0 2375
230.1 2470
230.2 2319
230.3 2352
230.4 2409
230.5 2371
230.6 2450
230.7 2384
230.8 2347
230.9 2390
231.0 2476
231.1 2396
231.2 2392
231.3 2331
231.4 2384
231.5 2392
231.6 2385
231.7 2462
231.8 2335
231.9 2361
232.0 2441
232.1 2309
232.2 2411
232.3 2448
232.4 2311
232.5 2386
232.6 2433
232.7 2404
232.8 2478
232.9 2291
233.0 2348
233.1 2408
233.2 2377
233.3 2503
233.4 2319
233.5 2306
233.6 2477
233.7 2436
233.8 2399
233.9 2367
234.0 2318
234.1 2398
234.2 2404
234.3 2406
234.4 2401
234.5 2344
234.6 2463
234.7 2389
234.8 2361
234.9 2419
235.0 2348
235.1 2345
235.2 2404
235.3 2406
235.4 2412
235.5 2439
235.6 2308
235.7 2331
235.8 2469
235.9 2378
236.0 2428
236.1 2428
236.2 2319
236.3 2363
236.4 2329
236.5 2398
236.6 2325
236.7 2321
236.8 2388
236.9 2445
237.0 2405
237.1 2317
237.2 2354
237.3 2352
237.4 2340
237.5 2400
237.6 2254
237.7 2410
237.8 2385
237.9 2429
238.0 2393
238.1 2299
238.2 2448
238.3 2405
238.4 2352
238.5 2460
238.6 2336
238.7 2387
238.8 2511
238.9 2353
239.0 2391
239.1 2395
239.2 2402
239.3 2476
239.4 2389
239.5 2352
239.6 2346
239.7 2363
239.8 2532
239.9 2415
240.0 2333
240.1 2508
240.2 2356
240.3 2360
240.4 2491
240.5 2336
240.6 2402
240.7 2420
240.8 2400
240.9 2476
241.0 2365
241.1 2413
241.2 2365
241.3 2370
241.4 2492
241.5 2420
241.6 2307
241.7 2402
241.8 2449
241.9 2414
242.0 2431
242.1 2299
242.2 2360
242.3 2462
242.4 2396
242.5 2405
242.6 2443
242.7 2324
242.8 2442
242.9 2445
243.0 2374
243.1 2416
243.2 2287
243.3 2352
243.4 2429
243.5 2391
243.6 2443
243.7 2346
243.8 2293
243.9 2442
244.0 2399
244.1 2364
244.2 2461
244.3 2384
244.4 2464
244.5 2446
244.6 2296
244.7 2340
244.8 2289
244.9 2415
245.0 2424
245.1 2278
245.2 2414
245.3 2337
245.4 2171
245.5 2465
245.6 2316
245.7 2296
245.8 2379
245.9 2334
246.0 2429
246.1 2371
246.2 2290
246.3 2313
246.4 2381
246.5 2324
246.6 2399
246.7 2310
246.8 2329
246.9 2397
247.0 2349
247.1 2439
247.2 2345
247.3 2406
